   0.0000000000000000                         3
   9.9999999999999995E-007                    3
   2.0599999427795411E-006                    3
   3.1835998214721713E-006                    3
   4.3746156285934583E-006                    3
   5.6370923159915520E-006                    3
   6.9753175323940351E-006                    3
   8.3938361852068059E-006                    3
   9.8974658760200552E-006                    3
   1.1491313262243718E-005                    3
   1.3180791400440123E-005                    3
   1.4971638130255596E-005                    3
   1.6869935561386927E-005                    3
   1.8882130729764687E-005                    3
   2.1015057493106380E-005                    3
   2.3275959740201527E-005                    3
   2.5672515992752517E-005                    3
   2.8212865483324521E-005                    3
   3.0905635797970881E-005                    3
   3.3759972177414472E-005                    3
   3.6785568576298234E-005                    3
   3.9992700585989008E-005                    2
   4.3392260332747663E-005                    2
   4.6995793469787467E-005                    2
   5.0815538388853845E-005                    2
   5.4864467784496646E-005                    2
   5.9156332712196417E-005                    2
   6.3705709289975699E-005                    2
   6.8528048202104314E-005                    2
   7.3639727173024206E-005                    2
   7.9058106589706666E-005                    2
   8.4801588461347918E-005                    2
   9.0889678916642973E-005                    2
   9.7343054450892410E-005                    2
   1.0418363214793170E-004                    2
   1.1143464411537236E-004                    2
   1.1912071638595322E-004                    2
   1.2726795255296833E-004                    2
   1.3590402242381577E-004                    2
   1.4505825599275417E-004                    2
   1.5476174305201944E-004                    2
   1.6504743877960264E-004                    2
   1.7595027566228859E-004                    2
   1.8750728213407037E-004                    2
   1.9975770833286185E-004                    2
   2.1274315940260580E-004                    2
   2.2650773679350092E-004                    2
   2.4109818804023432E-004                    2
   2.5656406552689942E-004                    2
   2.7295789477779981E-004                    2
   2.9033535284569176E-004                    2
   3.0875545740331110E-004                    2
   3.2828076718038077E-004                    2
   3.4897759442682747E-004                    2
   3.7091623012377897E-004                    2
   3.9417118270720876E-004                    2
   4.1882143111498528E-004                    2
   4.4495069301672989E-004                    2
   4.7264770913745078E-004                    2
   5.0200654464057899E-004                    2
   5.3312690859396881E-004                    2
   5.6611449260384058E-004                    3
   6.0108132976673990E-004                    3
   6.3814617515859469E-004                    3
   6.7743490915309328E-004                    3
   7.1908096493914246E-004                    3
   7.6322578168934810E-004                    3
   8.1001928491857944E-004                    3
   8.5962039566401898E-004                    3
   9.1219757021598652E-004                    3
   9.6792937223258207E-004                    3
   1.0270050791811741E-003                    3
   1.0896253251663425E-003                    3
   1.1560027823274619E-003                    3
   1.2263628831200998E-003                    3
   1.3009445859342586E-003                    3
   1.3800011866496678E-003                    3
   1.4638011788843466E-003                    3
   1.5526291658580320E-003                    3
   1.6467868269673604E-003                    3
   1.7465939423555038E-003                    3
   1.8523894789559271E-003                    3
   1.9645327416987065E-003                    3
   2.0834045937891637E-003                    3
   2.2094087502031465E-003                    3
   2.3429731487919526E-003                    3
   2.4845514036534707E-003                    3
   2.6346243457055071E-003                    3
   2.7937016556934232E-003                    3
   2.9623235951781375E-003                    3
   3.1410628413833098E-003                    3
   3.3305264321332509E-003                    3
   3.5313578274869949E-003                    3
   3.7442390950702988E-003                    3
   3.9698932265274369E-003                    3
   4.2090865929599710E-003                    3
   4.4626315476917026E-003                    3
   4.7313891851993792E-003                    3
   5.0162722655790809E-003                    3
   5.3182483144804246E-003                    3
   5.6383429090366404E-003                    3
   5.9776431609502700E-003                    3
   6.3373014085638009E-003                    3
   6.7185391304543339E-003                    3
   7.1226510938437008E-003                    3
   7.5510097519129581E-003                    3
   8.0050699049554926E-003                    3
   8.4863736411990472E-003                    3
   8.9965555740767946E-003                    3
   9.5373483937343639E-003                    3
   1.0110588751626973E-002                    3
   1.0718223498192063E-002                    3
   1.1362316294781918E-002                    3
   1.2045054622311880E-002                    3
   1.2768757210427039E-002                    3
   1.3535881912418514E-002                    3
   1.4349034052634248E-002                    3
   1.5210975274733989E-002                    3
   1.6124632920839040E-002                    3
   1.7093109973430484E-002                    3
   1.8119695593760716E-002                    3
   1.9207876292569061E-002                    3
   2.0361347771039706E-002                    3
   2.1584027472216424E-002                    3
   2.2880067885501450E-002                    3
   2.4253870649423553E-002                    3
   2.5710101500571354E-002                    3
   2.7253706119461828E-002                    3
   2.8889926927159963E-002                    3
   3.0624320889694683E-002                    3
   3.2462778390738668E-002                    4
   3.4411543236647912E-002                    4
   3.6360308082557150E-002                    4
   3.8309072928466387E-002                    4
   4.0257837774375624E-002                    4
   4.2206602620284861E-002                    3
   4.4155367466194098E-002                    3
   4.6221058091348674E-002                    3
   4.8410690035812762E-002                    3
   5.0731699771652948E-002                    4
   5.3191969958834302E-002                    4
   5.5652240146015657E-002                    4
   5.8112510333197011E-002                    3
   6.0572780520378365E-002                    3
   6.3180666778012817E-002                    3
   6.5945026061880879E-002                    3
   6.8875246744603116E-002                    3
   7.1981280500620123E-002                    3
   7.5273676104269466E-002                    3
   7.8763615255745378E-002                    4
   8.2462950556613929E-002                    4
   8.6162285857482479E-002                    4
   8.9861621158351029E-002                    3
   9.3560956459219580E-002                    3
   9.7482251666462585E-002                    3
  0.10163882436176186                         3
  0.10604479118093810                         4
  0.11071511575715345                         4
  0.11538544033336881                         4
  0.12005576490958417                         3
  0.12472608948579952                         3
  0.12967663326934969                         4
  0.13492420939664049                         3
  0.14017178552393128                         4
  0.14573421591859081                         4
  0.15129664631325035                         4
  0.15685907670790988                         3
  0.16242150710256942                         3
  0.16831768300262370                         4
  0.17456762911929935                         3
  0.18081757523597500                         3
  0.18744251776202639                         4
  0.19446495646055861                         4
  0.20148739515909084                         4
  0.20850983385762306                         3
  0.21553227255615529                         4
  0.22297605717477229                         3
  0.23041984179338929                         4
  0.23831025306318651                         4
  0.24620066433298374                         4
  0.25409107560278099                         4
  0.26198148687257822                         4
  0.26987189814237544                         4
  0.27776230941217267                         3
  0.28565272068196990                         4
  0.29401655617646200                         4
  0.30238039167095410                         4
  0.31074422716544620                         3
  0.31910806265993830                         4
  0.32797372780551742                         4
  0.33683939295109655                         4
  0.34570505809667568                         4
  0.35457072324225480                         4
  0.36343638838783393                         4
  0.37230205353341306                         4
  0.38116771867899218                         4
  0.39003338382457131                         3
  0.39889904897015044                         4
  0.40829665351716687                         4
  0.41769425806418331                         3
  0.42709186261119975                         4
  0.43705332289330195                         4
  0.44701478317540416                         4
  0.45697624345750637                         4
  0.46693770373960858                         4
  0.47689916402171079                         4
  0.48686062430381299                         4
  0.49682208458591520                         4
  0.50678354486801735                         3
  0.51674500515011956                         3
  0.52674500515011957                         3
  0.53674500515011958                         3
  0.54674500515011959                         3
  0.55674500515011960                         3
  0.56674500515011961                         3
  0.57674500515011962                         3
  0.58674500515011963                         3
  0.59674500515011963                         3
  0.60674500515011964                         3
  0.61674500515011965                         3
  0.62674500515011966                         3
  0.63674500515011967                         3
  0.64674500515011968                         3
  0.65674500515011969                         3
  0.66674500515011970                         3
  0.67674500515011971                         3
  0.68674500515011971                         3
  0.69674500515011972                         3
  0.70674500515011973                         3
  0.71674500515011974                         3
  0.72674500515011975                         3
  0.73674500515011976                         3
  0.74674500515011977                         3
