p 0.002276 1.5189 0.23579 1.0356 .0002177067910880
p 0.002276 1.5189 0.23579 1.0356 .0001858532089120
p 0.002276 1.5189 0.23579 1.0356 .0002161141119792
p 0.002276 1.5189 0.23579 1.0356 .0001874458880208
p 0.002276 1.5189 0.23579 1.0356 .0002146807007812
p 0.002276 1.5189 0.23579 1.0356 .0001888792992188
p 0.002276 1.5189 0.23579 1.0356 .0002133906307030
p 0.002276 1.5189 0.23579 1.0356 .0001901693692970
p 0.002276 1.5189 0.23579 1.0356 .0002122295676327
p 0.002276 1.5189 0.23579 1.0356 .0001913304323673
p 0.002276 1.5189 0.23579 1.0356 .0002111846108694
p 0.002276 1.5189 0.23579 1.0356 .0001923753891306
p 0.002276 1.5189 0.23579 1.0356 .0002102441497824
p 0.002276 1.5189 0.23579 1.0356 .0001933158502176
