4
3.6
3.24
2.916
2.6244
2.36196
2.125764
1.9131876
1.72186884
1.549681956
1.3947137604
1.25524238436
1.129718145924
1.0167463313316
0.91507169819844
0.823564528378596
0.741208075540736
0.667087267986663
0.600378541187997
0.540340687069197
0.486306618362277
0.43767595652605
0.393908360873444
0.3545175247861
0.31906577230749
0.287159195076741
0.258443275569067
0.23259894801216
0.209339053210944
0.18840514788985
0.169564633100865
0.152608169790778
0.137347352811701
0.12361261753053
0.111251355777477
0.10012622019973
0.090113598179757
0.081102238361781
0.072992014525603
0.065692813073043
0.059123531765738
0.053211178589165
0.047890060730248
0.043101054657223
0.038790949191501
0.034911854272351
0.031420668845116
0.028278601960604
0.025450741764544
0.022905667588089
0.020615100829281
0.018553590746352
0.016698231671717
0.015028408504546
0.013525567654091
0.012173010888682
0.010955709799814
0.009860138819832
0.008874124937849
0.007986712444064
0.007188041199658
0.006469237079692
0.005822313371723
0.00524008203455
0.004716073831095
0.004244466447986
0.003820019803187
0.003438017822869
0.003094216040582
0.002784794436524
0.002506314992871
0.002255683493584
0.002030115144226
0.001827103629803
0.001644393266823
0.001479953940141
0.001331958546126
0.001198762691514
0.001078886422362
0.000970997780126
0.000873898002114
0.000786508201902
0.000707857381712
0.000637071643541
0.000573364479187
0.000516028031268
0.000464425228141
0.000417982705327
0.000376184434794
0.000338565991315
0.000304709392183
0.000274238452965
0.000246814607669
0.000222133146902
0.000199919832212
0.00017992784899
0.000161935064091
0.000145741557682
0.000131167401914
0.000118050661723
0.00010624559555
9.56210359953149E-05
8.60589323957834E-05
