4 3265
3.6 3399
3.24 3507
2.916 3647
2.6244 3764
2.36196 3927
2.125764 4058
1.9131876 4206
1.72186884 4061
1.549681956 4185
1.3947137604 4278
1.25524238436 4345
1.129718145924 4467
1.0167463313316 4582
0.91507169819844 5056
0.823564528378596 5229
0.741208075540736 5526
0.667087267986663 5755
0.600378541187997 6026
0.540340687069197 6316
0.486306618362277 6683
0.43767595652605 7842
0.393908360873444 8365
0.3545175247861 8884
0.31906577230749 9467
0.287159195076741 10014
0.258443275569067 10630
0.23259894801216 11525
0.209339053210944 9938
0.18840514788985 10688
0.169564633100865 11441
0.152608169790778 11584
0.137347352811701 12254
0.12361261753053 13230
0.111251355777477 16879
0.10012622019973 18254
0.090113598179757 21234
0.081102238361781 22119
0.072992014525603 24442
0.065692813073043 26789
0.059123531765738 30407
0.053211178589165 39361
0.047890060730248 43830
0.043101054657223 48199
0.038790949191501 52599
0.034911854272351 57389
0.031420668845116 62447
0.028278601960604 51888
0.025450741764544 55835
0.022905667588089 61985
0.020615100829281 65743
0.018553590746352 67540
0.016698231671717 73409
0.015028408504546 82023
0.013525567654091 113035
0.012173010888682 126703
0.010955709799814 143489
0.009860138819832 158198
0.008874124937849 177586
0.007986712444064 193304
0.007188041199658 271082
0.006469237079692 297437
0.005822313371723 335213
0.00524008203455 370693
0.004716073831095 404510
0.004244466447986 443437
0.003820019803187 486317
0.003438017822869 398107
0.003094216040582 429905
0.002784794436524 470216
0.002506314992871 501497
0.002255683493584 537200
0.002030115144226 578170
0.001827103629803 652814
0.001644393266823 902952
0.001479953940141 1035567
0.001331958546126 1186459
0.001198762691514 1240515
0.001078886422362 1423116
0.000970997780126 1578172
0.000873898002114 2197846
0.000786508201902 2419962
0.000707857381712 2717498
0.000637071643541 3018643
0.000573364479187 3278166
0.000516028031268 3605227
0.000464425228141 3996430
0.000417982705327 3223751
0.000376184434794 3584144
0.000338565991315 3792825
