0.00356 0.0149706
0.00256 0.013334425
0.00351 0.0147883
0.00261 0.01327249
0.003465 0.014670745
0.002655 0.01331262
0.0034245 0.014474105
0.0026955 0.01328524
0.00338805 0.0144089
0.00273195 0.0133579
0.003355245 0.01431119
0.002764755 0.013407985
0.0033257205 0.01421474
0.0027942795 0.013287495
0.00329914845 0.014220865
0.00282085155 0.01346677
0.003275233605 0.014153305
0.002844766395 0.013357335
0.0032537102445 0.0140799
0.0028662897555 0.01341275
0.00323433922005 0.01406701
0.00288566077995 0.01336058
0.003216905298045 0.01393205
0.002903094701955 0.01354596
0.0032012147682405 0.01389819
0.0029187852317595 0.013338545
0.0031870932914164 0.013909095
0.0029329067085836 0.013448005
0.0031743839622747 0.013794315
0.0029456160377253 0.013430875
0.0031629455660472 0.013818435
0.0029570544339528 0.013528395
0.0031526510094424 0.01383971
0.0029673489905576 0.01334576
0.0031433859084981 0.013689805
0.0029766140915019 0.013578765
0.0031350473176482 0.013740065
0.0029849526823518 0.013579855
0.0031275425858833 0.01386358
0.0029924574141167 0.013447195
0.0031207883272949 0.01372191
0.0029992116727051 0.013564585
0.0031147094945654 0.013723125
0.0030052905054346 0.01348635
0.0031092385451088 0.01378814
0.0030107614548912 0.013535475
0.0031043146905979 0.01373162
0.0030156853094021 0.01363712
0.0030998832215381 0.01368618
0.0030201167784619 0.013548645
0.0030958948993842 0.01370289
0.0030241051006158 0.01360743
0.0030923054094457 0.01375883
0.0030276945905543 0.013535035
0.0030890748685011 0.01380584
0.0030309251314989 0.01358661
0.0030861673816509 0.013561775
0.0030338326183491 0.013574655
0.0030835506434858 0.01365304
0.0030364493565142 0.01373944
0.0030811955791372 0.013702885
0.0030388044208628 0.01361708
0.0030790760212234 0.01360548
0.0030409239787766 0.01376264
0.003077168419101 0.01359415
0.003042831580899 0.0136003
0.0030754515771909 0.013639605
0.0030445484228091 0.01372763
0.0030739064194718 0.013574755
0.0030460935805282 0.013550195
0.0030725157775246 0.01367097
0.0030474842224754 0.01358631
0.0030712641997721 0.01363498
0.0030487358002279 0.01369125
0.0030701377797948 0.013657665
0.0030498622202052 0.0135172
0.0030691240018153 0.01364919
0.0030508759981847 0.013664305
0.0030682116016337 0.013588295
0.0030517883983663 0.01371123
0.0030673904414703 0.013583435
0.0030526095585297 0.01347983
0.0030666513973232 0.01369606
0.0030533486026768 0.013616505
0.0030659862575908 0.01364241
0.0030540137424092 0.013704455
0.0030653876318317 0.01371147
0.0030546123681683 0.013643715
0.0030648488686485 0.01356946
0.0030551511313515 0.01367335
0.0030643639817836 0.013655915
0.0030556360182164 0.013719045
0.0030639275836052 0.013677875
0.0030560724163948 0.01368642
0.0030635348252446 0.01366112
0.0030564651747554 0.013541935
0.0030631813427201 0.01369059
0.0030568186572799 0.01357759
0.003062863208448 0.013594055
0.003057136791552 0.01366759
0.0030625768876032 0.01363715
0.0030574231123968 0.013724835
0.0030623191988428 0.013583835
0.0030576808011572 0.013620875
0.0030620872789585 0.01363481
0.0030579127210415 0.01360365
0.0030618785510626 0.01361039
0.0030581214489374 0.01379051
0.0030616906959563 0.013664455
0.0030583093040437 0.01350392
0.0030615216263606 0.01361324
0.0030584783736394 0.013643595
0.0030613694637245 0.0136558
0.0030586305362755 0.013622885
0.003061232517352 0.01357702
0.003058767482648 0.013704165
0.0030611092656168 0.013699925
0.0030588907343832 0.013669395
0.0030609983390551 0.01363836
0.0030590016609449 0.013488595
0.0030608985051495 0.01362347
0.0030591014948505 0.01366325
0.0030608086546345 0.013722715
0.0030591913453655 0.013570835
0.003060727789171 0.013638405
0.003059272210829 0.013688755
0.0030606550102539 0.01361718
0.0030593449897461 0.013721355
0.0030605895092285 0.01369333
0.0030594104907715 0.013682225
0.0030605305583056 0.013549295
0.0030594694416944 0.01376449
0.003060477502475 0.01362887
0.003059522497525 0.013771505
0.0030604297522275 0.013656245
0.0030595702477725 0.01365055
