0.00456607646397543 0.03734445
0.00356607646397543 0.03512562
0.00451607646397543 0.03517474
0.00361607646397543 0.03244146
0.00447107646397543 0.03487382
0.00366107646397543 0.03096094
0.00443057646397543 0.03286572
0.00370157646397543 0.02972728
0.00439412646397543 0.03229834
0.00373802646397543 0.02839967
0.00436132146397543 0.03098691
0.00377083146397543 0.02751156
0.00433179696397543 0.0299315
0.00380035596397543 0.02683095
0.00430522491397543 0.02901164
0.00382692801397543 0.02657677
0.00428131006897543 0.028072
0.00385084285897543 0.02615572
0.00425978670847543 0.02779244
0.00387236621947543 0.0258842
0.00424041568402543 0.02755584
0.00389173724392543 0.02554603
0.00422298176202043 0.02721024
0.00390917116593043 0.02520099
0.00420729123221593 0.02643245
0.00392486169573493 0.02539379
0.00419316975539183 0.02642008
0.00393898317255903 0.02541758
0.00418046042625013 0.02629835
0.00395169250170073 0.02522849
0.00416902203002263 0.0260973
0.00396313089792823 0.025155
0.00415872747341783 0.02590437
0.00397342545453303 0.02521689
0.00414946237247353 0.02586623
0.00398269055547733 0.02522818
0.00414112378162363 0.02573432
0.00399102914632723 0.02503769
0.00413361904985873 0.02601335
0.00399853387809213 0.02502859
0.00412686479127033 0.0261169
0.00400528813668053 0.02491056
0.00412078595854083 0.02533227
0.00401136696941003 0.02513141
0.00411531500908423 0.02525376
0.00401683791886663 0.02516662
0.00411039115457333 0.02590826
0.00402176177337753 0.02518524
0.00410595968551353 0.02547028
0.00402619324243733 0.02503907
0.00410197136335963 0.02553908
0.00403018156459123 0.02535544
0.00409838187342113 0.02519089
0.00403377105452973 0.02524588
0.00409515133247653 0.02569427
0.00403700159547433 0.02490469
0.00409224384562633 0.02532203
0.00403990908232453 0.02510047
0.00408962710746123 0.02528269
0.00404252582048963 0.02516659
0.00408727204311263 0.02526233
0.00404488088483823 0.02541733
0.00408515248519883 0.02534214
0.00404700044275203 0.02539014
0.00408324488307643 0.02520955
0.00404890804487443 0.02506089
0.00408152804116633 0.02568729
0.00405062488678453 0.02529996
0.00407998288344723 0.02497871
0.00405217004450363 0.02560515
0.00407859224150003 0.02515959
0.00405356068645083 0.02528723
0.00407734066374753 0.02603353
0.00405481226420333 0.02528631
0.00407621424377023 0.025233
0.00405593868418063 0.02541009
0.00407520046579073 0.02512389
0.00405695246216013 0.0249109
0.00407428806560913 0.02565277
0.00405786486234173 0.02557996
0.00407346690544573 0.02505353
0.00405868602250513 0.02520899
0.00407272786129863 0.02517404
0.00405942506665223 0.02537276
0.00407206272156623 0.02517778
0.00406009020638463 0.02565639
0.00407146409580713 0.02486659
0.00406068883214373 0.02566088
0.00407092533262393 0.02513041
0.00406122759532693 0.02490905
0.00407044044575903 0.02549299
0.00406171248219183 0.02540799
0.00407000404758063 0.02521049
0.00406214888037023 0.02533278
0.00406961128922003 0.0252219
0.00406254163873083 0.0254
0.00406925780669553 0.02540818
0.00406289512125533 0.02508952
0.00406893967242343 0.02502976
0.00406321325552743 0.02551356
0.00406865335157863 0.02516807
0.00406349957637223 0.02569856
0.00406839566281823 0.02511771
0.00406375726513263 0.02524554
0.00406816374293393 0.02519973
0.00406398918501693 0.02507742
0.00406795501503803 0.02521613
0.00406419791291283 0.02522517
0.00406776715993173 0.02519718
0.00406438576801913 0.0254941
0.00406759809033603 0.02551905
0.00406455483761483 0.02516921
0.00406744592769993 0.02535851
0.00406470700025093 0.02541641
0.00406730898132743 0.02519331
0.00406484394662343 0.02546612
0.00406718572959223 0.02532065
0.00406496719835863 0.0251853
0.00406707480303053 0.02540746
0.00406507812492033 0.02498029
0.00406697496912493 0.02540846
0.00406517795882593 0.02560741
0.00406688511860993 0.02532654
0.00406526780934093 0.02504459
0.00406680425314643 0.02533988
0.00406534867480443 0.02567865
0.00406673147422933 0.02553453
0.00406542145372153 0.0256884
0.00406666597320393 0.02498626
0.00406548695474693 0.02543566
0.00406660702228103 0.02516286
0.00406554590566983 0.02507694
0.00406655396645043 0.02492165
0.00406559896150043 0.02495022
0.00406650621620293 0.02563403
0.00406564671174793 0.02530457
