0.00305 0.0141028
0.00205 0.01707298
0.003 0.01424082
0.0021 0.01691026
0.002955 0.01435433
0.002145 0.01675652
0.0029145 0.0144513
0.0021855 0.01662108
0.00287805 0.01455037
0.00222195 0.01650602
0.002845245 0.01464061
0.002254755 0.01639267
0.0028157205 0.01472727
0.0022842795 0.01630418
0.00278914845 0.01480381
0.00231085155 0.01622289
0.002765233605 0.01486612
0.002334766395 0.01614414
0.0027437102445 0.01492596
0.0023562897555 0.01607422
0.00272433922005 0.01497469
0.00237566077995 0.01601292
0.002706905298045 0.01502087
0.002393094701955 0.01594965
0.0026912147682405 0.01506913
0.0024087852317595 0.01591358
0.0026770932914164 0.01511046
0.0024229067085836 0.01587401
0.0026643839622747 0.01514259
0.0024356160377253 0.01582693
0.0026529455660472 0.01518012
0.0024470544339528 0.01579661
0.0026426510094424 0.01520859
0.0024573489905576 0.01576136
0.0026333859084981 0.01523635
0.0024666140915019 0.01573835
0.0026250473176482 0.01526563
0.0024749526823518 0.01571293
0.0026175425858833 0.01528379
0.0024824574141167 0.0156839
0.0026107883272949 0.01530769
0.0024892116727051 0.01566639
0.0026047094945654 0.01531382
0.0024952905054346 0.01563915
0.0025992385451088 0.01533707
0.0025007614548912 0.01563398
0.0025943146905979 0.01534795
0.0025056853094021 0.01560922
0.0025898832215381 0.01536145
0.0025101167784619 0.01560749
0.0025858948993842 0.01538121
0.0025141051006158 0.0155981
0.0025823054094457 0.01539294
0.0025176945905543 0.01557302
0.0025790748685011 0.01540158
0.0025209251314989 0.01556345
0.0025761673816509 0.0154077
0.0025238326183491 0.01556115
0.0025735506434858 0.01540894
0.0025264493565142 0.0155572
0.0025711955791372 0.01542109
0.0025288044208628 0.01554599
0.0025690760212234 0.01542891
0.0025309239787766 0.01553575
0.002567168419101 0.01543983
0.002532831580899 0.01553153
0.0025654515771909 0.01543722
0.0025345484228091 0.01552572
0.0025639064194718 0.01544867
0.0025360935805282 0.01551554
0.0025625157775246 0.01544552
0.0025374842224754 0.01551225
0.0025612641997721 0.01544347
0.0025387358002279 0.01551832
0.0025601377797948 0.01545758
0.0025398622202052 0.0155194
0.0025591240018153 0.01545703
0.0025408759981847 0.01551327
0.0025582116016337 0.01546219
0.0025417883983663 0.01551138
0.0025573904414703 0.01546665
0.0025426095585297 0.01550748
0.0025566513973232 0.01546488
0.0025433486026768 0.01550803
0.0025559862575908 0.0154733
0.0025440137424092 0.01549788
0.0025553876318317 0.01546418
0.0025446123681683 0.0154993
0.0025548488686485 0.01546914
0.0025451511313515 0.01550505
0.0025543639817836 0.01547594
0.0025456360182164 0.01549551
0.0025539275836052 0.01547978
0.0025460724163948 0.01549163
0.0025535348252446 0.01547578
0.0025464651747554 0.01548993
0.0025531813427201 0.01548214
0.0025468186572799 0.01549141
0.002552863208448 0.0154824
0.002547136791552 0.01548731
0.0025525768876032 0.01547372
0.0025474231123968 0.01548721
0.0025523191988428 0.01548256
0.0025476808011572 0.0154902
0.0025520872789585 0.01548706
0.0025479127210415 0.01549214
0.0025518785510626 0.01547758
0.0025481214489374 0.01549488
0.0025516906959563 0.01547988
0.0025483093040437 0.01549224
0.0025515216263606 0.01548368
0.0025484783736394 0.01549209
0.0025513694637245 0.01546922
0.0025486305362755 0.01547816
0.002551232517352 0.01548541
0.002548767482648 0.01548824
0.0025511092656168 0.01548603
0.0025488907343832 0.01549417
0.0025509983390551 0.01547392
0.0025490016609449 0.0154813
0.0025508985051495 0.01548081
0.0025491014948505 0.01548591
0.0025508086546345 0.01548509
0.0025491913453655 0.01548879
0.002550727789171 0.01548401
0.002549272210829 0.01547999
0.0025506550102539 0.01548433
0.0025493449897461 0.01548693
0.0025505895092285 0.01547985
0.0025494104907715 0.0154829
0.0025505305583056 0.01547506
0.0025494694416944 0.01547766
0.002550477502475 0.01548487
0.002549522497525 0.01548427
0.0025504297522275 0.01548772
0.0025495702477725 0.01548455
0.0025503867770047 0.01548804
0.0025496132229953 0.01547727
0.0025503480993042 0.01548758
0.0025496519006958 0.01548492
0.0025503132893737 0.01548385
0.0025496867106263 0.0154911
0.0025502819604363 0.01548575
0.0025497180395637 0.01548788
0.0025502537643926 0.01548219
0.0025497462356074 0.01549101
0.0025502283879533 0.01547043
0.0025497716120467 0.01548298
0.0025502055491579 0.01548999
0.0025497944508421 0.01548653
0.0025501849942421 0.01548903
0.0025498150057579 0.01548108
0.0025501664948178 0.01548562
0.0025498335051822 0.01548169
0.002550149845336 0.01548874
0.002549850154664 0.01548361
0.0025501348608024 0.01548707
0.0025498651391976 0.01548819
0.0025501213747221 0.01547962
0.0025498786252779 0.0154925
0.0025501092372498 0.01548322
0.0025498907627502 0.01547599
0.0025500983135248 0.0154897
0.0025499016864752 0.01548265
0.0025500884821723 0.01548554
0.0025499115178277 0.01548775
0.002550079633955 0.01548576
0.002549920366045 0.01548835
0.0025500716705595 0.0154897
0.0025499283294405 0.0154902
0.0025500645035035 0.01548079
0.0025499354964965 0.01548724
0.0025500580531531 0.0154818
0.0025499419468469 0.01547917
0.0025500522478377 0.01548768
0.0025499477521623 0.01548152
0.0025500470230539 0.01548051
0.0025499529769461 0.01548401
0.0025500423207485 0.0154853
0.0025499576792515 0.01547882
0.0025500380886736 0.01548387
0.0025499619113264 0.01548931
0.0025500342798062 0.01548516
0.0025499657201938 0.01549384
0.0025500308518255 0.01547826
0.0025499691481745 0.01548884
0.0025500277666429 0.0154853
0.0025499722333571 0.01548826
0.0025500249899786 0.01547873
0.0025499750100214 0.01548662
0.0025500224909807 0.0154886
0.0025499775090193 0.01548638
0.0025500202418826 0.01548218
0.0025499797581174 0.01548961
0.0025500182176943 0.01548821
0.0025499817823057 0.01549004
0.0025500163959248 0.01547505
0.0025499836040752 0.0154845
0.0025500147563323 0.01548158
0.0025499852436677 0.01548335
0.002550013280699 0.01548397
0.002549986719301 0.01548314
0.0025500119526291 0.01548886
0.0025499880473709 0.01548737
0.0025500107573661 0.01548834
0.0025499892426339 0.01548519
0.0025500096816294 0.01548131
0.0025499903183706 0.01548669
0.0025500087134664 0.01549076
0.0025499912865336 0.01548255
