1.319 0.00299920000000001
0.918999999999999 0.0706046
1.299 0.0060241
0.938999999999999 0.0669098
1.281 0.008629
0.956999999999999 0.0635477
1.2648 0.0112679
0.973199999999999 0.0604931
1.25022 0.0135346
0.987779999999999 0.0577697
1.237098 0.0156456
1.000902 0.0554046
1.2252882 0.0174729
1.0127118 0.0534232
1.21465938 0.0191286
1.02334062 0.0516034
1.205093442 0.0206246
1.032906558 0.0496894
1.1964840978 0.0219734
1.0415159022 0.0481972
1.18873568802 0.0232087
1.04926431198 0.0468751
1.181762119218 0.0243766
1.056237880782 0.0456976
1.1754859072962 0.0254922
1.0625140927038 0.0444823
1.16983731656658 0.0263473
1.06816268343342 0.0435853
1.16475358490992 0.0271395
1.07324641509008 0.0426567
1.16017822641893 0.0280748
1.07782177358107 0.0418693
1.15606040377704 0.0286014
1.08193959622296 0.0412276
1.15235436339933 0.0293051
1.08564563660067 0.0404996
1.1490189270594 0.0298797
1.0889810729406 0.0399709
1.14601703435346 0.0303531
1.09198296564654 0.0394629
1.14331533091811 0.0309109
1.09468466908188 0.0389934
1.1408837978263 0.031101
1.0971162021737 0.0385942
1.13869541804367 0.0314747
1.09930458195633 0.0382081
1.1367258762393 0.0317469
1.10127412376069 0.0377991
1.13495328861537 0.0321562
1.10304671138462 0.0374872
1.13335795975384 0.0323467
1.10464204024616 0.0372845
1.13192216377845 0.0326777
1.10607783622155 0.0371023
1.13062994740061 0.0328972
1.10737005259939 0.0369221
1.12946695266055 0.0330694
1.10853304733945 0.0366634
1.12842025739449 0.0331839
1.10957974260551 0.036507
1.12747823165504 0.0333576
1.11052176834496 0.0363105
1.12663040848954 0.0335795
1.11136959151046 0.036122
1.12586736764058 0.033633
1.11213263235941 0.0360342
1.12518063087653 0.0337549
1.11281936912347 0.0359093
1.12456256778887 0.033879
1.11343743221113 0.0357914
1.12400631100998 0.0340013
1.11399368899001 0.0357343
1.12350567990899 0.0341317
1.11449432009101 0.0356804
1.12305511191809 0.0341574
1.11494488808191 0.0355487
1.12264960072628 0.034194
1.11535039927372 0.0354936
1.12228464065365 0.0341931
1.11571535934635 0.0354149
1.12195617658829 0.0344119
1.11604382341171 0.0354235
1.12166055892946 0.0343958
1.11633944107054 0.0351695
1.12139450303651 0.0343864
1.11660549696349 0.035196
1.12115505273286 0.0344594
1.11684494726714 0.0352242
1.12093954745957 0.0344848
1.11706045254042 0.0351146
1.12074559271362 0.0345561
1.11725440728638 0.035109
1.12057103344225 0.034617
1.11742896655774 0.0350528
1.12041393009803 0.0345161
1.11758606990197 0.03507
1.12027253708823 0.034689
1.11772746291177 0.0349772
1.1201452833794 0.0346127
1.11785471662059 0.0350304
1.12003075504146 0.0347463
1.11796924495854 0.0350006
1.11992767953732 0.0346764
1.11807232046268 0.0350645
1.11983491158358 0.0346243
1.11816508841641 0.0350524
1.11975142042523 0.0347248
1.11824857957477 0.0349507
1.1196762783827 0.0346902
1.11832372161729 0.0350069
1.11960865054443 0.0346285
1.11839134945557 0.0350213
1.11954778548999 0.0347696
1.11845221451001 0.0348795
1.11949300694099 0.0347371
1.11850699305901 0.0349443
1.11944370624689 0.0346676
1.11855629375311 0.0349577
1.1193993356222 0.0346482
1.1186006643778 0.0349788
1.11935940205998 0.0347797
1.11864059794002 0.0349353
1.11932346185398 0.0348516
1.11867653814601 0.0348928
1.11929111566858 0.0347643
1.11870888433141 0.0349264
1.11926200410173 0.0348051
1.11873799589827 0.0349128
1.11923580369155 0.0347952
1.11876419630844 0.034922
1.1192122233224 0.0349056
1.1187877766776 0.0349403
1.11919100099016 0.0348268
1.11880899900984 0.0349142
1.11917190089114 0.0348658
1.11882809910886 0.0349302
1.11915471080203 0.0347174
1.11884528919797 0.0348429
1.11913923972182 0.0348732
1.11886076027817 0.0349318
1.11912531574964 0.0348622
1.11887468425036 0.0348808
1.11911278417468 0.0347438
1.11888721582532 0.034883
1.11910150575721 0.0348243
1.11889849424279 0.0349529
1.11909135518149 0.0348611
1.11890864481851 0.0348208
1.11908221966334 0.0348664
1.11891778033666 0.0348173
1.11907399769701 0.0347552
1.11892600230299 0.034853
1.1190665979273 0.0348661
1.11893340207269 0.0348469
1.11905993813457 0.034906
1.11894006186542 0.0348444
1.11905394432112 0.0348411
1.11894605567888 0.0347961
1.119048549889 0.034713
1.11895145011099 0.0348714
1.1190436949001 0.0348241
1.11895630509989 0.0349101
1.11903932541009 0.0348323
1.1189606745899 0.0348368
1.11903539286908 0.0348496
1.11896460713091 0.034765
1.11903185358218 0.0348661
1.11896814641782 0.0349074
1.11902866822396 0.0348655
1.11897133177604 0.0347527
1.11902580140156 0.0349247
1.11897419859844 0.034897
1.11902322126141 0.0348634
1.11897677873859 0.0348725
1.11902089913526 0.0349099
1.11897910086473 0.0347725
1.11901880922174 0.0347908
1.11898119077826 0.0348688
1.11901692829956 0.0347599
1.11898307170043 0.034869
1.11901523546961 0.0348968
1.11898476453039 0.0349046
1.11901371192265 0.0349183
1.11898628807735 0.0348135
1.11901234073038 0.0349512
1.11898765926962 0.0347878
1.11901110665734 0.0348374
1.11898889334265 0.0348753
1.11900999599161 0.0348117
1.11899000400839 0.0348261
1.11900899639245 0.0347719
1.11899100360755 0.034856
1.1190080967532 0.0348031
1.11899190324679 0.0347602
1.11900728707788 0.0347678
1.11899271292212 0.0347796
1.11900655837009 0.0348206
1.1189934416299 0.0348102
1.11900590253308 0.0348465
1.11899409746691 0.0348233
1.11900531227978 0.0348412
1.11899468772022 0.0348911
1.1190047810518 0.0348316
1.1189952189482 0.0347913
1.11900430294662 0.0347728
1.11899569705338 0.0349289
1.11900387265196 0.0348199
1.11899612734804 0.0348899
1.11900348538676 0.0347771
1.11899651461324 0.0348292
1.11900313684808 0.034738
1.11899686315191 0.0349002
1.11900282316328 0.0348819
1.11899717683672 0.0348296
1.11900254084695 0.0348239
1.11899745915305 0.0347829
1.11900228676225 0.0348581
1.11899771323774 0.0348477
1.11900205808603 0.0349197
1.11899794191397 0.0348252
1.11900185227742 0.034776
1.11899814772257 0.0348579
1.11900166704968 0.0347249
1.11899833295032 0.0348336
1.11900150034471 0.034819
1.11899849965528 0.0348614
1.11900135031024 0.0348132
1.11899864968976 0.0347823
1.11900121527922 0.0349102
1.11899878472078 0.0348001
1.1190010937513 0.0348375
1.1189989062487 0.0348102
1.11900098437617 0.0348668
1.11899901562383 0.0348588
1.11900088593855 0.0347662
1.11899911406145 0.0348711
1.11900079734469 0.0348068
1.1189992026553 0.0348055
1.11900071761022 0.034881
1.11899928238977 0.0349139
1.1190006458492 0.0348295
1.1189993541508 0.034917
1.11900058126428 0.0348487
1.11899941873572 0.0348864
1.11900052313785 0.0349042
1.11899947686214 0.03488
1.11900047082407 0.0348101
1.11899952917593 0.0348179
1.11900042374166 0.0347844
1.11899957625834 0.0347956
1.11900038136749 0.0347621
1.1189996186325 0.0348125
1.11900034323074 0.0347949
1.11899965676925 0.0348413
1.11900030890767 0.0348513
1.11899969109233 0.0348067
1.1190002780169 0.0347875
1.11899972198309 0.0348197
1.11900025021521 0.0348392
1.11899974978479 0.0347961
1.11900022519369 0.0348326
1.11899977480631 0.0348713
1.11900020267432 0.034855
1.11899979732568 0.034877
1.11900018240689 0.0347694
1.11899981759311 0.0347941
1.1190001641662 0.0348521
1.1189998358338 0.0348083
1.11900014774958 0.0348207
1.11899985225042 0.0347568
1.11900013297462 0.0348487
1.11899986702538 0.0349237
1.11900011967716 0.0348385
1.11899988032284 0.0348553
1.11900010770944 0.0348187
1.11899989229055 0.034829
1.1190000969385 0.0348867
1.1189999030615 0.0347796
1.11900008724465 0.0348647
1.11899991275535 0.034845
1.11900007852018 0.0348139
1.11899992147981 0.0347971
1.11900007066817 0.0348415
1.11899992933183 0.0347602
1.11900006360135 0.0348749
1.11899993639865 0.0348977
1.11900005724121 0.0348355
1.11899994275878 0.0349119
1.11900005151709 0.0349292
1.11899994848291 0.0348727
1.11900004636538 0.0348303
1.11899995363461 0.0348608
1.11900004172884 0.034808
1.11899995827115 0.0348558
1.11900003755596 0.0348916
1.11899996244404 0.0348624
1.11900003380036 0.0348246
1.11899996619963 0.0348166
1.11900003042033 0.0348352
1.11899996957967 0.0348392
1.11900002737829 0.0348613
1.1189999726217 0.0347989
1.11900002464046 0.0348154
1.11899997535953 0.0347816
1.11900002217642 0.0348357
1.11899997782358 0.0348689
1.11900001995878 0.0348744
1.11899998004122 0.0348531
1.1190000179629 0.0348694
1.1189999820371 0.0348407
1.11900001616661 0.0347571
1.11899998383339 0.0347647
1.11900001454995 0.0347385
1.11899998545005 0.0347672
1.11900001309495 0.0348078
1.11899998690505 0.0348571
1.11900001178546 0.0349082
1.11899998821454 0.034868
1.11900001060691 0.0347983
1.11899998939309 0.0348215
1.11900000954622 0.034779
1.11899999045378 0.0347986
