1.584 0.00954569999999999
1.184 0.1344925
1.564 0.0132392
1.204 0.1250004
1.546 0.0163922
1.222 0.1166358
1.5298 0.0193922
1.2382 0.109328
1.51522 0.0223867
1.25278 0.1028435
1.502098 0.0251233
1.265902 0.09728
1.4902882 0.0275943
1.2777118 0.0922767
1.47965938 0.0299037
1.28834062 0.0880169
1.470093442 0.0320806
1.297906558 0.0843551
1.4614840978 0.0341356
1.3065159022 0.0810025
1.45373568802 0.0359782
1.31426431198 0.0779951
1.446762119218 0.0377013
1.321237880782 0.0755197
1.4404859072962 0.039299
1.3275140927038 0.0732311
1.43483731656658 0.040655
1.33316268343342 0.0712987
1.42975358490992 0.0420925
1.33824641509008 0.0695267
1.42517822641893 0.0432466
1.34282177358107 0.0679406
1.42106040377704 0.0443955
1.34693959622296 0.066576
1.41735436339933 0.0453697
1.35064563660067 0.0653954
1.4140189270594 0.046307
1.3539810729406 0.0642438
1.41101703435346 0.0470724
1.35698296564654 0.0632424
1.40831533091811 0.0477309
1.35968466908189 0.0622981
1.4058837978263 0.0485079
1.3621162021737 0.0615861
1.40369541804367 0.0490605
1.36430458195633 0.0608472
1.4017258762393 0.0495467
1.3662741237607 0.0602169
1.39995328861537 0.0502225
1.36804671138463 0.0596737
1.39835795975384 0.0506857
1.36964204024616 0.0592554
1.39692216377845 0.0511006
1.37107783622155 0.0588357
1.39562994740061 0.0514503
1.37237005259939 0.0584753
1.39446695266055 0.0517414
1.37353304733945 0.058021
1.39342025739449 0.0519905
1.37457974260551 0.0576996
1.39247823165504 0.0523135
1.37552176834496 0.0573861
1.39163040848954 0.0525166
1.37636959151046 0.0572272
1.39086736764058 0.0527308
1.37713263235942 0.0569083
1.39018063087653 0.0529443
1.37781936912347 0.0566901
1.38956256778887 0.0531464
1.37843743221113 0.056519
1.38900631100999 0.0532765
1.37899368899001 0.056364
1.38850567990899 0.0534249
1.37949432009101 0.0562634
1.38805511191809 0.0536023
1.37994488808191 0.0560447
1.38764960072628 0.0537744
1.38035039927372 0.055961
1.38728464065365 0.0537753
1.38071535934635 0.0558424
1.38695617658829 0.0539907
1.38104382341171 0.0557084
1.38666055892946 0.0540211
1.38133944107054 0.0556796
1.38639450303651 0.0541205
1.38160549696349 0.0555776
1.38615505273286 0.0541588
1.38184494726714 0.0555366
1.38593954745957 0.0542162
1.38206045254043 0.0554517
1.38574559271362 0.0543077
1.38225440728638 0.0553399
1.38557103344226 0.0543271
1.38242896655774 0.0552968
1.38541393009803 0.054477
1.38258606990197 0.0552685
1.38527253708823 0.0544702
1.38272746291177 0.0552122
1.3851452833794 0.0545034
1.3828547166206 0.0551878
1.38503075504146 0.0544246
1.38296924495854 0.0551805
1.38492767953732 0.054622
1.38307232046268 0.0550898
1.38483491158359 0.0545344
1.38316508841641 0.0551145
1.38475142042523 0.0546471
1.38324857957477 0.0550831
1.3846762783827 0.0546349
1.3833237216173 0.0550478
1.38460865054443 0.0545652
1.38339134945557 0.0550105
1.38454778548999 0.0547064
1.38345221451001 0.0550635
1.38449300694099 0.0547434
1.38350699305901 0.055016
1.38444370624689 0.0547175
1.38355629375311 0.054994
1.3843993356222 0.0547621
1.3836006643778 0.0550171
1.38435940205998 0.0547747
1.38364059794002 0.0550224
1.38432346185398 0.0546299
1.38367653814602 0.0548945
1.38429111566859 0.0547406
1.38370888433141 0.0549073
1.38426200410173 0.0548009
1.38373799589827 0.0548966
1.38423580369155 0.0547777
1.38376419630845 0.0549696
1.3842122233224 0.0547967
1.3837877766776 0.0549376
1.38419100099016 0.0547643
1.38380899900984 0.0549297
1.38417190089114 0.0548087
1.38382809910886 0.0549004
1.38415471080203 0.0548208
1.38384528919797 0.0548928
1.38413923972183 0.0547483
1.38386076027817 0.054892
1.38412531574964 0.054779
1.38387468425036 0.0548003
1.38411278417468 0.0548185
1.38388721582532 0.0548603
1.38410150575721 0.0547178
1.38389849424279 0.0548311
1.38409135518149 0.0547803
1.38390864481851 0.0548856
1.38408221966334 0.0548287
1.38391778033666 0.054845
1.38407399769701 0.0547706
1.38392600230299 0.0549069
1.38406659792731 0.0547801
1.38393340207269 0.0548682
1.38405993813458 0.0548225
1.38394006186542 0.054898
1.38405394432112 0.0548209
1.38394605567888 0.054895
1.38404854988901 0.0548041
1.38395145011099 0.0548626
1.38404369490011 0.0548572
1.38395630509989 0.0548542
1.38403932541009 0.0547314
1.38396067458991 0.0548771
1.38403539286909 0.0548691
1.38396460713091 0.0548381
1.38403185358218 0.0547891
1.38396814641782 0.0548342
1.38402866822396 0.0548006
1.38397133177604 0.0548975
1.38402580140156 0.0548237
1.38397419859844 0.0547906
1.38402322126141 0.054878
1.38397677873859 0.0547482
1.38402089913527 0.0548103
1.38397910086473 0.0548778
1.38401880922174 0.0548578
1.38398119077826 0.0548275
1.38401692829957 0.0547881
1.38398307170043 0.0548234
1.38401523546961 0.0548691
1.38398476453039 0.0547515
1.38401371192265 0.0548995
1.38398628807735 0.0548223
1.38401234073038 0.0548291
1.38398765926962 0.0548294
1.38401110665734 0.0548586
1.38398889334266 0.054884
1.38400999599161 0.0548555
1.38399000400839 0.0548011
1.38400899639245 0.0548119
1.38399100360755 0.0547096
1.3840080967532 0.0548702
1.3839919032468 0.0548054
1.38400728707788 0.054819
1.38399271292212 0.0548032
1.3840065583701 0.0548894
1.3839934416299 0.0548507
1.38400590253309 0.0548343
1.38399409746691 0.0548798
1.38400531227978 0.0548377
1.38399468772022 0.0548664
1.3840047810518 0.0548307
1.3839952189482 0.0548374
1.38400430294662 0.0548562
1.38399569705338 0.0549507
1.38400387265196 0.0548644
1.38399612734804 0.0549562
1.38400348538676 0.0548111
1.38399651461324 0.0549198
1.38400313684809 0.0547445
1.38399686315191 0.0549252
1.38400282316328 0.0548537
1.38399717683672 0.0549044
1.38400254084695 0.0547678
1.38399745915305 0.0548859
1.38400228676225 0.0548942
1.38399771323775 0.0548866
1.38400205808603 0.0548994
1.38399794191397 0.054823
1.38400185227743 0.054866
1.38399814772257 0.0547919
1.38400166704968 0.0548365
1.38399833295032 0.0548291
1.38400150034471 0.0548875
1.38399849965529 0.0548597
1.38400135031024 0.0548936
1.38399864968976 0.0548753
1.38400121527922 0.0548691
1.38399878472078 0.0548201
1.3840010937513 0.0547601
1.3839989062487 0.0548839
1.38400098437617 0.0547799
1.38399901562383 0.0548463
1.38400088593855 0.0548537
1.38399911406145 0.0548309
1.3840007973447 0.0548019
1.3839992026553 0.0548607
1.38400071761023 0.05478
1.38399928238977 0.0548655
1.3840006458492 0.0548504
1.3839993541508 0.0548333
1.38400058126428 0.054922
1.38399941873572 0.0548284
1.38400052313785 0.0547985
1.38399947686215 0.0548506
1.38400047082407 0.0548172
1.38399952917593 0.0549327
1.38400042374166 0.0548001
1.38399957625834 0.0548179
1.3840003813675 0.0547988
1.3839996186325 0.0548643
1.38400034323075 0.0548832
1.38399965676925 0.0548933
1.38400030890767 0.0548742
1.38399969109233 0.0547681
1.3840002780169 0.0547916
1.3839997219831 0.0547938
1.38400025021521 0.0547527
1.38399974978479 0.0547835
1.38400022519369 0.0548378
1.38399977480631 0.0548979
1.38400020267432 0.0548937
1.38399979732568 0.0548172
1.38400018240689 0.0548724
1.38399981759311 0.0548249
1.3840001641662 0.0548296
1.3839998358338 0.0548953
1.38400014774958 0.0548063
1.38399985225042 0.0548151
1.38400013297462 0.0549195
1.38399986702538 0.0548615
1.38400011967716 0.0548483
1.38399988032284 0.0548271
1.38400010770944 0.0548083
1.38399989229056 0.0547578
1.3840000969385 0.0547565
1.3839999030615 0.0548325
1.38400008724465 0.0549081
1.38399991275535 0.0547933
1.38400007852018 0.0548421
1.38399992147982 0.0549072
1.38400007066817 0.0548771
1.38399992933183 0.0548092
1.38400006360135 0.0548859
1.38399993639865 0.0548337
1.38400005724121 0.0548482
1.38399994275879 0.0548659
1.38400005151709 0.054878
1.38399994848291 0.0548242
1.38400004636538 0.05475
1.38399995363462 0.0549009
1.38400004172885 0.0548685
1.38399995827115 0.0548238
1.38400003755596 0.0548127
1.38399996244404 0.0548079
1.38400003380036 0.0548842
1.38399996619964 0.0549323
1.38400003042033 0.0548393
1.38399996957967 0.0548417
1.3840000273783 0.0547918
1.3839999726217 0.0548396
1.38400002464047 0.0548863
1.38399997535953 0.0548954
1.38400002217642 0.0548804
1.38399997782358 0.0549215
1.38400001995878 0.0548878
1.38399998004122 0.054803
1.3840000179629 0.054793
1.3839999820371 0.0548042
1.38400001616661 0.0548537
1.38399998383339 0.0547773
1.38400001454995 0.0548251
1.38399998545005 0.0548147
1.38400001309495 0.0548973
1.38399998690505 0.0548541
1.38400001178546 0.0548089
1.38399998821454 0.0549131
1.38400001060691 0.0547564
1.38399998939309 0.0548642
1.38400000954622 0.0548114
1.38399999045378 0.054757
