0.454 -0.01990553
0.054 0.1384676
0.434 -0.01275781
0.074 0.1296732
0.416 -0.00638257
0.092 0.1217437
0.3998 -0.000336610000000001
0.1082 0.1147904
0.38522 0.00492899999999999
0.12278 0.1084952
0.372098 0.0097796
0.135902 0.1029553
0.3602882 0.0140856
0.1477118 0.0980702
0.34965938 0.0181442
0.15834062 0.0936316
0.340093442 0.0216656
0.167906558 0.0896192
0.3314840978 0.0248951
0.1765159022 0.0860823
0.32373568802 0.0278366
0.18426431198 0.0829098
0.316762119218 0.0304434
0.191237880782 0.0800308
0.3104859072962 0.0328222
0.1975140927038 0.0773964
0.30483731656658 0.0350205
0.20316268343342 0.0752502
0.299753584909922 0.0369032
0.208246415090078 0.07316
0.29517822641893 0.0387162
0.21282177358107 0.0712633
0.291060403777037 0.0403065
0.216939596222963 0.0697326
0.287354363399333 0.0417597
0.220645636600667 0.0682092
0.2840189270594 0.0429814
0.2239810729406 0.0667678
0.28101703435346 0.0442758
0.22698296564654 0.0656626
0.278315330918114 0.0452636
0.229684669081886 0.0645059
0.275883797826302 0.0461495
0.232116202173698 0.0635823
0.273695418043672 0.0470999
0.234304581956328 0.0627682
0.271725876239305 0.0478028
0.236274123760695 0.0619189
0.269953288615374 0.048577
0.238046711384626 0.0611206
0.268357959753837 0.0491848
0.239642040246163 0.0604992
0.266922163778453 0.0497216
0.241077836221547 0.0599724
0.265629947400608 0.0501911
0.242370052599392 0.0595529
0.264466952660547 0.0507066
0.243533047339453 0.0589724
0.263420257394492 0.0511321
0.244579742605508 0.0585882
0.262478231655043 0.0515167
0.245521768344957 0.058213
0.261630408489539 0.0518465
0.246369591510461 0.0578245
0.260867367640585 0.0521642
0.247132632359415 0.057559
0.260180630876526 0.0523684
0.247819369123474 0.057226
0.259562567788873 0.0526685
0.248437432211126 0.0570395
0.259006311009986 0.0528937
0.248993688990014 0.0568219
0.258505679908987 0.0530295
0.249494320091013 0.0565929
0.258055111918089 0.0532711
0.249944888081911 0.056413
0.25764960072628 0.0534184
0.25035039927372 0.0562274
0.257284640653652 0.0535959
0.250715359346348 0.0560864
0.256956176588287 0.0537547
0.251043823411713 0.0559725
0.256660558929458 0.0538053
0.251339441070542 0.0558425
0.256394503036512 0.0539273
0.251605496963488 0.0557819
0.256155052732861 0.0538978
0.251844947267139 0.0557028
0.255939547459575 0.0541227
0.252060452540425 0.0555669
0.255745592713617 0.0541627
0.252254407286383 0.0555742
0.255571033442255 0.0542523
0.252428966557745 0.0553944
0.25541393009803 0.054252
0.25258606990197 0.0553633
0.255272537088227 0.0542911
0.252727462911773 0.055379
0.255145283379404 0.0543756
0.252854716620596 0.0553417
0.255030755041464 0.0544705
0.252969244958536 0.0552591
0.254927679537317 0.0544345
0.253072320462683 0.0552251
0.254834911583585 0.0545252
0.253165088416415 0.0551866
0.254751420425227 0.0544618
0.253248579574773 0.0551303
0.254676278382704 0.0546182
0.253323721617296 0.0550825
0.254608650544434 0.0546725
0.253391349455566 0.055093
0.25454778548999 0.0545968
0.25345221451001 0.0550309
0.254493006940991 0.054563
0.253506993059009 0.0549623
0.254443706246892 0.0546601
0.253556293753108 0.0550899
0.254399335622203 0.0546757
0.253600664377797 0.0548814
0.254359402059982 0.0547416
0.253640597940018 0.0550203
0.254323461853984 0.054773
0.253676538146016 0.0549751
0.254291115668586 0.0547271
0.253708884331414 0.0549305
0.254262004101727 0.0547111
0.253737995898273 0.0549178
0.254235803691554 0.0547217
0.253764196308446 0.0549128
0.254212223322399 0.0547602
0.253787776677601 0.0548954
0.254191000990159 0.0547854
0.253808999009841 0.0549395
0.254171900891143 0.054785
0.253828099108857 0.0549066
0.254154710802029 0.0547684
0.253845289197971 0.0549439
0.254139239721826 0.0548119
0.253860760278174 0.0549531
0.254125315749643 0.0548124
0.253874684250357 0.0549028
0.254112784174679 0.0548213
0.253887215825321 0.0548912
0.254101505757211 0.0548318
0.253898494242789 0.0549013
0.25409135518149 0.054765
0.25390864481851 0.0549299
0.254082219663341 0.0547449
0.253917780336659 0.0548511
0.254073997697007 0.0548611
0.253926002302993 0.0548223
0.254066597927306 0.0548589
0.253933402072694 0.0548753
0.254059938134575 0.0548319
0.253940061865425 0.0548536
0.254053944321118 0.0548256
0.253946055678882 0.0548865
0.254048549889006 0.0547723
0.253951450110994 0.0548706
0.254043694900105 0.0548181
0.253956305099895 0.054893
0.254039325410095 0.0548252
0.253960674589905 0.0548261
0.254035392869085 0.0548542
0.253964607130915 0.054885
0.254031853582177 0.0547595
0.253968146417823 0.0549088
0.254028668223959 0.0548437
0.253971331776041 0.0548388
0.254025801401563 0.0548096
0.253974198598437 0.054931
0.254023221261407 0.0549186
0.253976778738593 0.0548636
0.254020899135266 0.0548011
0.253979100864734 0.0547737
0.254018809221739 0.054797
0.253981190778261 0.0548636
0.254016928299565 0.0549117
0.253983071700435 0.0548721
0.254015235469609 0.054865
0.253984764530391 0.0548487
0.254013711922648 0.0548264
0.253986288077352 0.0549113
0.254012340730383 0.0547744
0.253987659269617 0.0548593
0.254011106657345 0.054873
0.253988893342655 0.0549091
0.25400999599161 0.0548368
0.25399000400839 0.0548354
0.254008996392449 0.0548488
0.253991003607551 0.0547969
0.254008096753204 0.0547762
0.253991903246796 0.0549252
0.254007287077884 0.0548574
0.253992712922116 0.0548576
0.254006558370095 0.0547878
0.253993441629905 0.0547791
0.254005902533086 0.0548723
0.253994097466914 0.0548561
0.254005312279777 0.0548237
0.253994687720223 0.0548631
0.254004781051799 0.0547783
0.253995218948201 0.0548565
0.254004302946619 0.0547551
0.253995697053381 0.0548789
0.254003872651957 0.0548908
0.253996127348043 0.054847
0.254003485386761 0.0547895
0.253996514613239 0.0548619
0.254003136848085 0.0548426
0.253996863151915 0.0548712
0.254002823163277 0.0549058
0.253997176836723 0.0548531
0.254002540846949 0.0548337
0.253997459153051 0.0549424
0.254002286762254 0.0548751
0.253997713237746 0.0548734
0.254002058086029 0.0548928
0.253997941913971 0.0548931
0.254001852277426 0.0548151
0.253998147722574 0.0548352
0.254001667049683 0.0549213
0.253998332950317 0.0547954
0.254001500344715 0.0548202
0.253998499655285 0.0548397
0.254001350310243 0.0547931
0.253998649689757 0.0548364
0.254001215279219 0.0548281
0.253998784720781 0.0547166
0.254001093751297 0.0549199
0.253998906248703 0.0548193
0.254000984376167 0.0547126
0.253999015623833 0.0548066
0.25400088593855 0.0548826
0.25399911406145 0.0547221
0.254000797344695 0.0548525
0.253999202655305 0.0548214
0.254000717610226 0.0548165
0.253999282389774 0.0548194
0.254000645849203 0.0548497
0.253999354150797 0.0547831
0.254000581264283 0.0548332
0.253999418735717 0.0548987
0.254000523137854 0.0548483
0.253999476862146 0.054829
0.254000470824069 0.0547705
0.253999529175931 0.0548647
0.254000423741662 0.0548334
0.253999576258338 0.0549073
0.254000381367496 0.0547969
0.253999618632504 0.0548434
0.254000343230746 0.0548452
0.253999656769254 0.0548116
0.254000308907672 0.0548041
0.253999691092329 0.0548669
0.254000278016904 0.0548603
0.253999721983096 0.0547225
0.254000250215214 0.0548058
0.253999749784786 0.0548386
0.254000225193692 0.0548759
0.253999774806308 0.054894
0.254000202674323 0.05485
0.253999797325677 0.0548057
0.254000182406891 0.0548091
0.253999817593109 0.0549293
0.254000164166202 0.0548762
0.253999835833798 0.0549265
0.254000147749581 0.054855
0.253999852250419 0.0548918
0.254000132974623 0.0549001
0.253999867025377 0.0548001
0.254000119677161 0.0548776
0.253999880322839 0.054819
0.254000107709445 0.0548668
0.253999892290555 0.0547799
0.2540000969385 0.0547989
0.2539999030615 0.0548246
0.25400008724465 0.0547541
0.25399991275535 0.0548073
0.254000078520185 0.0548239
0.253999921479815 0.0548786
0.254000070668166 0.0548702
0.253999929331834 0.0548536
0.25400006360135 0.0548821
0.25399993639865 0.0548684
0.254000057241215 0.0548157
0.253999942758785 0.0548467
0.254000051517093 0.0548662
0.253999948482907 0.0549504
0.254000046365384 0.0547691
0.253999953634616 0.0548725
0.254000041728845 0.0548796
0.253999958271155 0.0548715
0.254000037555961 0.0549426
0.253999962444039 0.0548834
0.254000033800365 0.0548286
0.253999966199635 0.0548754
0.254000030420328 0.0548424
0.253999969579672 0.0548877
0.254000027378295 0.0549214
0.253999972621705 0.0548318
0.254000024640466 0.0548925
0.253999975359534 0.0548248
0.254000022176419 0.0548574
0.253999977823581 0.0547307
0.254000019958777 0.054699
0.253999980041223 0.0548455
0.254000017962899 0.0548507
0.253999982037101 0.0548161
0.254000016166609 0.0548729
0.253999983833391 0.0549
0.254000014549948 0.0548708
0.253999985450052 0.0547281
0.254000013094954 0.0548457
0.253999986905046 0.0549053
0.254000011785458 0.0548673
0.253999988214542 0.0547831
0.254000010606912 0.0548405
0.253999989393088 0.0548145
0.254000009546221 0.0548843
0.253999990453779 0.0548283
