t_all [s]	Imer_all [m]	Imer_all [mm]
0	0	0
12.28	1	0.001
23.56	2	0.002
43.78	3	0.003
74.87	4	0.004
113.5	5	0.005
153.59	6	0.006
205	7	0.007
250.56	7.71	0.00771
296.6	8.41	0.00841
346.22	9.12	0.00912
393.85	9.83	0.00983
443.44	10.54	0.01054
498.28	11.24	0.01124
549.53	11.95	0.01195
605.16	12.66	0.01266
662.91	13.37	0.01337
721.37	14.07	0.01407
773.03	14.78	0.01478
830.44	15.49	0.01549
889.37	16.2	0.0162
948.87	16.9	0.0169
1007.53	17.61	0.01761
1067.44	18.32	0.01832
1128.78	19.03	0.01903
1186.78	19.73	0.01973
1248.35	20.44	0.02044
1312.9	21.15	0.02115
1375.18	21.85	0.02185
1441.94	22.56	0.02256
1507.03	23.27	0.02327
1573.87	23.98	0.02398
1642.37	24.68	0.02468
1711.85	25.39	0.02539
1781	26.1	0.0261
1850.66	26.81	0.02681
1919.13	27.51	0.02751
1989.97	28.22	0.02822
2057.16	28.93	0.02893
2128.3	29.64	0.02964
2201.63	30.34	0.03034
2273.28	31.05	0.03105
2344.22	31.76	0.03176
2414.72	32.46	0.03246
2488.53	33.17	0.03317
2564.09	33.88	0.03388
2639.97	34.59	0.03459
2716.28	35.29	0.03529
2793.03	36	0.036
2867.37	36.71	0.03671
2943.72	37.42	0.03742
3018.37	38.12	0.03812
3093.43	38.83	0.03883
3170.75	39.54	0.03954
3246.97	40.25	0.04025
3323.5	40.95	0.04095
3400.47	41.66	0.04166
3476.63	42.37	0.04237
3553.44	43.08	0.04308
3629.47	43.78	0.04378
3702.32	44.49	0.04449
3780.35	45.2	0.0452
3857.44	45.9	0.0459
3935.9	46.61	0.04661
4013.97	47.32	0.04732
4091.47	48.03	0.04803
4168.66	48.73	0.04873
0	0	0
7.9	1.5	0.0015
10.11	3	0.003
12	4	0.004
14.53	5	0.005
17.87	6	0.006
23.44	7	0.007
84.18	12	0.012
125.03	12.7	0.0127
162.41	13.4	0.0134
205.66	14.1	0.0141
256.25	14.8	0.0148
310	15.5	0.0155
360.78	16.2	0.0162
432.18	17	0.017
498.13	17.7	0.0177
565.03	18.4	0.0184
630.22	19.1	0.0191
702.68	19.8	0.0198
773.94	20.5	0.0205
845.5	21.2	0.0212
919.09	21.9	0.0219
989.18	22.6	0.0226
1061.16	23.3	0.0233
1134	24	0.024
1210.06	24.7	0.0247
1282.25	25.4	0.0254
1357.37	26.1	0.0261
1430.47	26.9	0.0269
1504.06	27.6	0.0276
1580.28	28.3	0.0283
1653.78	29	0.029
1732	29.7	0.0297
1806.35	30.4	0.0304
1881.97	31.1	0.0311
1959.16	31.8	0.0318
2039.32	32.5	0.0325
2114.72	33.2	0.0332
2188.78	33.9	0.0339
2265.09	34.6	0.0346
2343	35.3	0.0353
2421.35	36.1	0.0361
2498	36.8	0.0368
2580	37.5	0.0375
2660.09	38.2	0.0382
2737.75	38.9	0.0389
2808.18	39.6	0.0396
2884.53	40.3	0.0403
2960.68	41	0.041
3037.85	41.7	0.0417
3110.78	42.4	0.0424
0	0	0
6.81	3	0.003
8.72	5	0.005
10.41	6	0.006
23.37	11	0.011
71.63	14.8	0.0148
392.22	17.8	0.0178
556.82	18.6	0.0186
775.85	19.4	0.0194
826.78	20.2	0.0202
986.32	21	0.021
1147.35	21.9	0.0219
1315.22	22.7	0.0227
1474.56	23.5	0.0235
1633.06	24.3	0.0243
1809.78	25.1	0.0251
2009.72	25.9	0.0259
2169.82	26.7	0.0267
2346.72	27.5	0.0275
2530	28.4	0.0284
2748.7	29.2	0.0292
2918.22	30	0.03
3010.06	30.8	0.0308
3191.5	31.6	0.0316
3379.16	32.4	0.0324
3563.35	33.2	0.0332
3756.6	34	0.034
3948.25	34.9	0.0349
4088.56	35.7	0.0357
4336.58	36.5	0.0365
0	0	0
14.53	2	0.002
23.32	3	0.003
35.5	4	0.004
50.16	5	0.005
66	6	0.006
83	7	0.007
103.87	8	0.008
133.18	9	0.009
166.37	10	0.01
206.97	11	0.011
242.18	12	0.012
286.37	12.8	0.0128
336.59	13.6	0.0136
390	14.4	0.0144
447.75	15.2	0.0152
509.63	16.1	0.0161
573.56	16.9	0.0169
643.41	17.7	0.0177
718.59	18.5	0.0185
786.56	19.3	0.0193
862.87	20.1	0.0201
940.06	20.9	0.0209
1018.32	21.7	0.0217
1096.66	22.6	0.0226
1187.37	23.4	0.0234
1270.53	24.2	0.0242
1359.47	25	0.025
1446.37	25.8	0.0258
1529.41	26.6	0.0266
1616.97	27.4	0.0274
1706.94	28.2	0.0282
1798.25	29.1	0.0291
1886.68	29.9	0.0299
1976.35	30.7	0.0307
2066.16	31.5	0.0315
2160.18	32.3	0.0323
2246.44	33.1	0.0331
2330.59	33.9	0.0339
2415.94	34.7	0.0347
2501.16	35.5	0.0355
2583.94	36.4	0.0364
2676.91	37.2	0.0372
2766.31	38	0.038
2853.22	38.8	0.0388
2942.82	39.6	0.0396
3033.06	40.4	0.0404
3125	41.2	0.0412
3215.41	42	0.042
3313.75	42.9	0.0429
3395.3	43.7	0.0437
3485.56	44.5	0.0445
3576.28	45.3	0.0453
3669	46.1	0.0461
3762	46.9	0.0469
3852.7	47.7	0.0477
3943.06	48.5	0.0485
4038.16	49.4	0.0494
4132	50.2	0.0502
4223.03	51	0.051
4314.82	51.8	0.0518
0	0	0
52.47	3	0.003
181.25	4	0.004
277.56	4.4	0.0044
380.72	4.8	0.0048
481.32	5.2	0.0052
601.68	5.6	0.0056
715.35	5.9	0.0059
852.7	6.3	0.0063
997	6.7	0.0067
1153	7.1	0.0071
1315	7.5	0.0075
1442	7.9	0.0079
1597	8.3	0.0083
1767	8.7	0.0087
1927	9.1	0.0091
2101	9.5	0.0095
2273	9.8	0.0098
2454	10.2	0.0102
2646	10.6	0.0106
2852	11	0.011
3029	11.4	0.0114
3223	11.8	0.0118
3422.66	12.2	0.0122
3631	12.6	0.0126
0	0	0
21.53	2	0.002
32.37	3	0.003
59.32	4	0.004
140.06	5	0.005
195	5.4	0.0054
261.5	5.8	0.0058
328.78	6.3	0.0063
399.72	6.7	0.0067
477.18	7.1	0.0071
557.75	7.5	0.0075
638.53	8	0.008
715.25	8.4	0.0084
792.37	8.8	0.0088
876.91	9.2	0.0092
959.68	9.7	0.0097
1038.85	10.1	0.0101
1134.97	10.5	0.0105
1221.22	10.9	0.0109
1304.44	11.4	0.0114
1397.06	11.8	0.0118
1476.32	12.2	0.0122
1577.87	12.6	0.0126
1667.66	13.1	0.0131
1761.6	13.5	0.0135
1855.27	13.9	0.0139
1949.16	14.3	0.0143
2046.63	14.8	0.0148
2142.47	15.2	0.0152
2241	15.6	0.0156
2331	16	0.016
2426	16.5	0.0165
2525.7	16.9	0.0169
2615	17.3	0.0173
2715.16	17.7	0.0177
2811.32	18.2	0.0182
2908.41	18.6	0.0186
3008	19	0.019
3109	19.4	0.0194
3205	19.9	0.0199
3305	20.3	0.0203
3406	20.7	0.0207
3505	21.1	0.0211
3610.5	21.6	0.0216
3718	22	0.022
3820	22.4	0.0224
3925	22.8	0.0228
4037	23.2	0.0232
0	0	0
9.5	1	0.001
28.4	3.6	0.0036
60	6.2	0.0062
113	8.9	0.0089
132	9.4	0.0094
157	10	0.01
183	10.6	0.0106
206	11.1	0.0111
227	11.7	0.0117
250	12.3	0.0123
272	12.8	0.0128
295	13.4	0.0134
316	14	0.014
339	14.5	0.0145
366	15.1	0.0151
388	15.7	0.0157
412	16.2	0.0162
439	16.8	0.0168
465	17.3	0.0173
489	17.9	0.0179
517	18.5	0.0185
543	19	0.019
569	19.6	0.0196
599	20.2	0.0202
622	20.7	0.0207
651	21.3	0.0213
689	21.9	0.0219
708	22.4	0.0224
736	23	0.023
765	23.6	0.0236
793	24.1	0.0241
822	24.7	0.0247
860	25.3	0.0253
881	25.8	0.0258
911	26.4	0.0264
941	27	0.027
976	27.5	0.0275
1001	28.1	0.0281
1032	28.7	0.0287
1063	29.2	0.0292
1093	29.8	0.0298
1122	30.4	0.0304
1153	30.9	0.0309
1183	31.5	0.0315
1214	32.1	0.0321
1242	32.6	0.0326
1276	33.2	0.0332
1307	33.8	0.0338
1338	34.3	0.0343
1370	34.9	0.0349
1401	35.5	0.0355
1433	36	0.036
1465	36.6	0.0366
1496	37.2	0.0372
1529	37.7	0.0377
1562	38.3	0.0383
1593	38.9	0.0389
1625	39.4	0.0394
1657	40	0.04
1689	40.5	0.0405
1722	41.1	0.0411
1755	41.7	0.0417
1787	42.2	0.0422
1827.53	42.8	0.0428
0	0	0
7.44	5	0.005
15.44	10	0.01
25.85	13	0.013
50.06	16	0.016
112.06	19	0.019
127.72	19.5	0.0195
144.66	20	0.02
162.63	20.5	0.0205
182.18	20.9	0.0209
203.06	21.4	0.0214
227.88	21.9	0.0219
257.68	22.4	0.0224
298.18	22.9	0.0229
345.13	23.4	0.0234
400.97	23.9	0.0239
458.35	24.4	0.0244
521.75	24.8	0.0248
584.18	25.3	0.0253
646.7	25.8	0.0258
710.72	26.3	0.0263
776.47	26.8	0.0268
842.35	27.3	0.0273
909	27.8	0.0278
975.97	28.3	0.0283
1046.18	28.7	0.0287
1113.82	29.2	0.0292
1187.06	29.7	0.0297
1257.5	30.2	0.0302
1324.78	30.7	0.0307
1395.94	31.2	0.0312
1468.87	31.7	0.0317
1542.03	32.2	0.0322
1617.87	32.6	0.0326
1693.03	33.1	0.0331
1771.9	33.6	0.0336
1848	34.1	0.0341
1926.56	34.6	0.0346
2003.16	35.1	0.0351
2087.78	35.6	0.0356
2165.22	36.1	0.0361
2245.47	36.5	0.0365
2328	37	0.037
2408	37.5	0.0375
2492	38	0.038
2572.5	38.5	0.0385
2656.59	39	0.039
2741.18	39.5	0.0395
2823	39.9	0.0399
2905.3	40.4	0.0404
2992	40.9	0.0409
3080	41.4	0.0414
3174	41.9	0.0419
3247	42.4	0.0424
3330	42.9	0.0429
3419	43.4	0.0434
3506	43.8	0.0438
3594	44.3	0.0443
3686	44.8	0.0448
3771	45.3	0.0453
3854	45.8	0.0458
3944	46.3	0.0463
4029	46.8	0.0468
4117	47.3	0.0473
4213	47.7	0.0477
4294	48.2	0.0482
4381	48.7	0.0487
4470	49.2	0.0492
4559	49.7	0.0497
4646	50.2	0.0502
4736.9	50.7	0.0507
4826	51.2	0.0512
4914	51.6	0.0516
5006	52.1	0.0521
5094	52.6	0.0526
5185	53.1	0.0531
5276	53.6	0.0536
5366	54.1	0.0541
5456	54.6	0.0546
5544	55.1	0.0551
5632	55.5	0.0555
5724	56	0.056
5817	56.5	0.0565
5909	57	0.057
6002	57.5	0.0575
0	0	0
5	1	0.001
7.5	2	0.002
11.47	3	0.003
23.82	4	0.004
68.68	6.6	0.0066
90	7.6	0.0076
104.59	8.1	0.0081
124	8.5	0.0085
145.53	9	0.009
167.37	9.5	0.0095
191.32	10	0.01
215.5	10.5	0.0105
241	10.9	0.0109
267.94	11.4	0.0114
296.37	11.9	0.0119
327.06	12.4	0.0124
359.25	12.9	0.0129
393.91	13.4	0.0134
430.32	13.8	0.0138
465.37	14.3	0.0143
502.09	14.8	0.0148
538	15.3	0.0153
575	15.8	0.0158
613	16.2	0.0162
652	16.7	0.0167
690	17.2	0.0172
729	17.7	0.0177
768.18	18.2	0.0182
807	18.6	0.0186
849	19.1	0.0191
889	19.6	0.0196
932	20.1	0.0201
973	20.6	0.0206
1015.6	21	0.021
1056.94	21.5	0.0215
1100	22	0.022
1144	22.5	0.0225
1187	23	0.023
1230	23.5	0.0235
1273	23.9	0.0239
1320	24.4	0.0244
1362	24.9	0.0249
1406	25.4	0.0254
1449	25.9	0.0259
1493	26.3	0.0263
1539	26.8	0.0268
1586	27.3	0.0273
1629	27.8	0.0278
1676	28.3	0.0283
1722	28.7	0.0287
1769	29.2	0.0292
1816.82	29.7	0.0297
1864	30.2	0.0302
1912	30.7	0.0307
1959	31.1	0.0311
2007	31.6	0.0316
2055	32.1	0.0321
2103	32.6	0.0326
2152	33.1	0.0331
2200	33.6	0.0336
2248	34	0.034
2298	34.5	0.0345
2348	35	0.035
2396	35.5	0.0355
2446	36	0.036
2495	36.4	0.0364
2547	36.9	0.0369
2596	37.4	0.0374
2647	37.9	0.0379
2697	38.4	0.0384
2746	38.8	0.0388
2802	39.3	0.0393
2851	39.8	0.0398
2902	40.3	0.0403
2953	40.8	0.0408
3006	41.3	0.0413
3059	41.7	0.0417
3112	42.2	0.0422
3165	42.7	0.0427
3219	43.2	0.0432
3271	43.7	0.0437
3322	44.1	0.0441
3375	44.6	0.0446
3429	45.1	0.0451
3482	45.6	0.0456
3536	46.1	0.0461
3589	46.5	0.0465
3644	47	0.047
3699	47.5	0.0475
3754	48	0.048
0	0	0
10.28	1	0.001
13	2	0.002
17	3	0.003
23	4	0.004
33.03	5	0.005
45.06	6	0.006
56	6.6	0.0066
68	7.1	0.0071
80.2	7.7	0.0077
93	8.2	0.0082
107	8.8	0.0088
123	9.3	0.0093
1097	27	0.027
1127.5	27.6	0.0276
1158.3	28.1	0.0281
1193	28.7	0.0287
1223	29.2	0.0292
1254	29.8	0.0298
1286	30.3	0.0303
1317	30.9	0.0309
1347	31.4	0.0314
1381	32	0.032
1412	32.5	0.0325
1444	33.1	0.0331
1476	33.6	0.0336
1508.87	34.2	0.0342
1540.6	34.7	0.0347
1576	35.3	0.0353
1610	35.8	0.0358
1642	36.4	0.0364
1676	36.9	0.0369
1709	37.5	0.0375
1743	38	0.038
1777	38.6	0.0386
1810	39.1	0.0391
1845	39.7	0.0397
1879	40.3	0.0403
1913	40.8	0.0408
1947	41.4	0.0414
1983	41.9	0.0419
2016	42.5	0.0425
2051	43	0.043
2085	43.6	0.0436
2120	44.1	0.0441
2155	44.7	0.0447
2190	45.2	0.0452
2225	45.8	0.0458
2260	46.3	0.0463
2295	46.9	0.0469
2329.5	47.4	0.0474
2365	48	0.048
2401	48.5	0.0485
2437	49.1	0.0491
2472	49.6	0.0496
2510	50.2	0.0502
2546	50.7	0.0507
2583	51.3	0.0513
2620	51.8	0.0518
2658	52.4	0.0524
2696	53	0.053
2729.6	53.5	0.0535
2766	54.1	0.0541
2805	54.6	0.0546
2840.5	55.2	0.0552
2876.13	55.7	0.0557
2915	56.3	0.0563
2950	56.8	0.0568
2988	57.4	0.0574
3026	57.9	0.0579
3063	58.5	0.0585
3101	59	0.059
3143	59.6	0.0596
3179	60.1	0.0601
3218	60.7	0.0607
3256	61.2	0.0612
3295	61.8	0.0618
3334	62.3	0.0623
3376	62.9	0.0629
3414	63.4	0.0634
3448	64	0.064
3489	64.5	0.0645
3527	65.1	0.0651
3566	65.7	0.0657
3604	66.2	0.0662
3644	66.8	0.0668
3684	67.3	0.0673
3722	67.9	0.0679
3761	68.4	0.0684
3799	69	0.069
0	0	0
7.93	1	0.001
15.18	2	0.002
25.37	3	0.003
48.16	4	0.004
67.75	4.6	0.0046
118	5.1	0.0051
240.22	5.7	0.0057
1136.47	6.2	0.0062
2015.82	6.8	0.0068
3461.9	7.3	0.0073
4597	7.9	0.0079
0	0	0
9.87	1	0.001
18.85	2	0.002
38.97	3	0.003
78	4	0.004
222.37	4.5	0.0045
413.37	5	0.005
646.25	5.4	0.0054
903	5.9	0.0059
1148	6.4	0.0064
1387	6.9	0.0069
1654	7.4	0.0074
1921	7.8	0.0078
2178	8.3	0.0083
2446	8.8	0.0088
2665	9.3	0.0093
2954	9.8	0.0098
3212	10.3	0.0103
3474	10.7	0.0107
3721	11.2	0.0112
3956	11.7	0.0117
4252	12.2	0.0122
0	0	0
145.31	1	0.001
272.63	1.42	0.00142
401.73	1.85	0.00185
547.64	2.27	0.00227
710.7	2.7	0.0027
897.08	3.2	0.0032
1106.8	3.8	0.0038
1168.37	4	0.004
1310.99	4.42	0.00442
1451.2	4.85	0.00485
1597.56	5.27	0.00527
1667.43	5.7	0.0057
1801.34	6.12	0.00612
1946	6.54	0.00654
2078.25	6.97	0.00697
2221	7.39	0.00739
2376.36	7.82	0.00782
2525.25	8.24	0.00824
2685	8.67	0.00867
2912.6	9.37	0.00937
3053.6	9.79	0.00979
3190	10.22	0.01022
3329.62	10.64	0.01064
3609	11.49	0.01149
3740	11.91	0.01191
3856.1	12.3	0.0123
3994	12.73	0.01273
4133	13.15	0.01315
4413	13.99	0.01399
4547	14.39	0.01439
0	0	0
20	1	0.001
227.24	2	0.002
695	2.42	0.00242
1170.68	2.85	0.00285
1682.87	3.27	0.00327
2270	3.77	0.00377
0	0	0
60.95	0.8	0.0008
193.59	1.8	0.0018
622.78	2.28	0.00228
1345.62	2.76	0.00276
1986.42	3.24	0.00324
2660.44	3.72	0.00372
3584.78	4.21	0.00421
4380	4.69	0.00469
0	0	0
10.08	1	0.001
23.28	1.55	0.00155
43.4	2.1	0.0021
80.02	2.66	0.00266
128.91	3.21	0.00321
197.48	3.76	0.00376
270.8	4.31	0.00431
367.4	4.87	0.00487
475.3	5.42	0.00542
600.4	5.97	0.00597
732.93	6.52	0.00652
863.73	7.07	0.00707
996.9	7.63	0.00763
1133.99	8.18	0.00818
1267.06	8.73	0.00873
1406.17	9.28	0.00928
1541.24	9.83	0.00983
1673.59	10.39	0.01039
1817.91	10.94	0.01094
1950.93	11.49	0.01149
2085.47	12.04	0.01204
2218	12.6	0.0126
2364.91	13.15	0.01315
2504.91	13.7	0.0137
2647.3	14.25	0.01425
2790.1	14.8	0.0148
2932.44	15.36	0.01536
3070.8	15.91	0.01591
3212.07	16.46	0.01646
0	0	0
6.54	1	0.001
9	2	0.002
11.7	3	0.003
18.45	4.62	0.00462
23	5.62	0.00562
44.04	8.24	0.00824
48.5	8.72	0.00872
54.27	9.2	0.0092
59.76	9.68	0.00968
66.07	10.16	0.01016
74.56	10.65	0.01065
79.72	11.13	0.01113
86.26	11.61	0.01161
96	12.09	0.01209
109.52	12.57	0.01257
127.43	13.05	0.01305
143.92	13.53	0.01353
161.15	14.01	0.01401
182.27	14.49	0.01449
203.07	14.97	0.01497
224.16	15.46	0.01546
244.4	15.94	0.01594
269.12	16.42	0.01642
289.94	16.9	0.0169
313.1	17.38	0.01738
336.03	17.86	0.01786
360.7	18.34	0.01834
384.15	18.82	0.01882
409.79	19.3	0.0193
430.57	19.78	0.01978
454.53	20.27	0.02027
478.97	20.75	0.02075
499.1	21.23	0.02123
524.49	21.71	0.02171
544.54	22.19	0.02219
569.35	22.67	0.02267
596.37	23.15	0.02315
619.81	23.63	0.02363
642.57	24.11	0.02411
667.36	24.59	0.02459
690.81	25.08	0.02508
714.23	25.56	0.02556
737.72	26.04	0.02604
760.01	26.52	0.02652
782.96	27	0.027
809.11	27.48	0.02748
831.93	27.96	0.02796
854.85	28.44	0.02844
878.68	28.92	0.02892
904.23	29.4	0.0294
928.1	29.89	0.02989
953.53	30.37	0.03037
977.46	30.85	0.03085
1002.47	31.33	0.03133
1027.67	31.81	0.03181
1052.1	32.29	0.03229
1075.91	32.77	0.03277
1100.71	33.25	0.03325
1128	33.73	0.03373
1186.35	34.69	0.03469
1214.64	35.18	0.03518
1240.45	35.66	0.03566
1266.64	36.14	0.03614
1290.2	36.62	0.03662
1316.39	37.1	0.0371
1341.37	37.58	0.03758
1366.2	38.06	0.03806
1390.94	38.54	0.03854
1414.74	39.02	0.03902
1440.82	39.5	0.0395
1466.74	39.99	0.03999
1492.5	40.47	0.04047
0	0	0
5	14	0.014
10	20	0.02
15	21.5	0.0215
41	26	0.026
71.43	29	0.029
106.7	32.01	0.03201
144.05	35.01	0.03501
183.46	38.02	0.03802
223.55	41.02	0.04102
264.65	44.03	0.04403
307.13	47.03	0.04703
354.07	50.04	0.05004
394.52	53.04	0.05304
437.38	56.04	0.05604
483.22	59.05	0.05905
528.66	62.05	0.06205
575.5	65.06	0.06506
621.6	68.06	0.06806
668.7	71.07	0.07107
715.7	74.07	0.07407
762.64	77.08	0.07708
858.39	83.08	0.08308
904.6	86.09	0.08609
951.5	89.09	0.08909
1000.3	92.1	0.0921
1046.24	95.1	0.0951
1093.8	98.11	0.09811
1144.1	101.11	0.10111
1194.05	104.12	0.10412
1241.93	107.12	0.10712
1288.94	110.12	0.11012
1335.68	113.13	0.11313
1384.42	116.13	0.11613
1494.39	119.14	0.11914
1544.05	122.14	0.12214
1592.7	125.15	0.12515
1629.5	128.15	0.12815
1680.23	131.16	0.13116
1729.85	134.16	0.13416
1779.6	137.16	0.13716
1829.6	140.17	0.14017
1883.5	143.17	0.14317
1936.57	146.18	0.14618
0	0	0
19.51	5	0.005
26.26	6	0.006
36.61	7	0.007
57.5	8	0.008
98.6	9	0.009
162.08	9.85	0.00985
233.14	10.7	0.0107
326.3	11.66	0.01166
376.12	12.14	0.01214
423.93	12.62	0.01262
467.48	13.11	0.01311
562.73	14.07	0.01407
611.72	14.55	0.01455
657.8	15.03	0.01503
706.71	15.51	0.01551
754.98	15.99	0.01599
860.15	16.95	0.01695
977.5	17.92	0.01792
1040	18.4	0.0184
1104.6	18.88	0.01888
1160	19.36	0.01936
1281.5	20.32	0.02032
1332.62	20.8	0.0208
1385.1	21.28	0.02128
1496.53	22.24	0.02224
1556.2	22.73	0.02273
1609.5	23.21	0.02321
1667.8	23.69	0.02369
1727.1	24.17	0.02417
1783.8	24.65	0.02465
1897.1	25.61	0.02561
2010.7	26.57	0.02657
2128.4	27.54	0.02754
2243.19	28.5	0.0285
2295.2	28.98	0.02898
2348.9	29.46	0.02946
2409.5	29.94	0.02994
2524.09	30.9	0.0309
2580.4	31.38	0.03138
2638	31.86	0.03186
2701.6	32.35	0.03235
0	0	0
5.97	1	0.001
899	6	0.006
1189.17	6.85	0.00685
1802.5	7.7	0.0077
2121.64	8.55	0.00855
2404.96	9.4	0.0094
0	0	0
8.5	1	0.001
10.8	2	0.002
13.9	3	0.003
17.52	4	0.004
83.26	5.66	0.00566
126.43	6.51	0.00651
173.77	7.36	0.00736
222.65	8.21	0.00821
272.5	9.06	0.00906
323.1	9.9	0.0099
372.44	10.75	0.01075
424.41	11.6	0.0116
477.19	12.45	0.01245
530.23	13.3	0.0133
584.21	14.15	0.01415
639.1	15	0.015
696.22	15.85	0.01585
753	16.69	0.01669
809.2	17.54	0.01754
867.7	18.39	0.01839
924.7	19.24	0.01924
982.5	20.09	0.02009
1040.39	20.94	0.02094
1100.44	21.79	0.02179
1158.04	22.64	0.02264
1217	23.49	0.02349
1275.5	24.33	0.02433
1336.15	25.18	0.02518
1395.26	26.03	0.02603
1454.7	26.88	0.02688
1514.8	27.73	0.02773
1574.76	28.58	0.02858
1634.46	29.43	0.02943
1694.52	30.28	0.03028
1752.67	31.12	0.03112
1811.9	31.97	0.03197
1871.06	32.82	0.03282
1931	33.67	0.03367
0	0	0
9.1	5	0.005
16.46	6	0.006
29.08	7	0.007
52.07	8	0.008
85.8	8.85	0.00885
117.2	9.7	0.0097
150.2	10.55	0.01055
189.65	11.4	0.0114
232.43	12.24	0.01224
280	13.09	0.01309
329.9	13.94	0.01394
381.1	14.79	0.01479
435.3	15.64	0.01564
493.19	16.49	0.01649
545.52	17.34	0.01734
608.24	18.19	0.01819
662.2	19.03	0.01903
719	19.88	0.01988
778	20.73	0.02073
830.9	21.58	0.02158
899	22.43	0.02243
964.3	23.28	0.02328
1026.4	24.13	0.02413
1090.6	24.98	0.02498
1155.1	25.83	0.02583
1214.9	26.67	0.02667
1281.5	27.52	0.02752
1346.9	28.37	0.02837
1411.2	29.22	0.02922
1539.4	30.92	0.03092
1604.3	31.77	0.03177
1668.5	32.62	0.03262
1733.7	33.46	0.03346
1799.5	34.31	0.03431
1866	35.16	0.03516
1933.96	36.01	0.03601
2000.25	36.86	0.03686
2068.4	37.71	0.03771
2135.2	38.56	0.03856
2203.2	39.41	0.03941
2271.5	40.26	0.04026
2339.9	41.1	0.0411