1	2	3	4	5	6	7	8	9	10	11	12	13	14	15	16	17	18	19	20	21	22
0	0	0	0	0	0	0	0	0	0	0	0	0	0	0	0	0	0	0	0	0	0
0.000927017	0.003433028	0.005025287	0.002005506	0.001022419	0.001275149	0.001763911	0.006280296	0.001904383	0.001972708	0.001586466	0.00130627	0.000249662	0.000601249	0.000353386	0.000819661	0.003291607	0.013551608	0.003255913	0.000943368	0.00166531	0.003339333
0.001323234	0.004632596	0.006652008	0.002783755	0.001385189	0.001731382	0.002478574	0.008378864	0.002641676	0.002744385	0.002120639	0.001733057	0.000328991	0.000794391	0.000484728	0.001120668	0.004470574	0.017413018	0.004285033	0.001279008	0.002263568	0.004432463
0.001632246	0.005479301	0.007754797	0.003362511	0.001642999	0.002057467	0.003022638	0.009824031	0.003189625	0.003321832	0.002489427	0.002024007	0.000384082	0.000924962	0.000580167	0.001338824	0.005316062	0.019909932	0.004977566	0.001517841	0.002695274	0.00518269
0.001896165	0.006148299	0.008597813	0.00383888	0.001847703	0.002317754	0.003479128	0.010942466	0.003640526	0.00379994	0.002775207	0.002247528	0.000427724	0.001024615	0.000657246	0.001514956	0.005993702	0.021766261	0.005505243	0.00170766	0.003043751	0.005763938
0.002346	0.007188038	0.009855288	0.004616057	0.00216752	0.002727423	0.004241915	0.012635259	0.004376177	0.004586507	0.003207969	0.002583185	0.000497077	0.001173103	0.000780054	0.001796118	0.007067452	0.024482055	0.006292218	0.002004543	0.003602214	0.006649511
0.002732247	0.007993184	0.010782286	0.005251628	0.002416445	0.003049423	0.004883531	0.01390398	0.004978058	0.005236892	0.003532032	0.002832824	0.000553388	0.001282572	0.0008777	0.002020827	0.00791993	0.026478095	0.006875342	0.00223588	0.004052825	0.007323156
0.003394874	0.009218947	0.01210966	0.006282001	0.002797083	0.003548684	0.005960663	0.015755292	0.005954995	0.006307747	0.004003092	0.003194742	0.000646866	0.001439704	0.001030522	0.002376456	0.009262576	0.029423919	0.00772361	0.002590038	0.004779756	0.008336337
0.004232058	0.010546175	0.013425231	0.007491507	0.00321039	0.004103276	0.00728856	0.017634891	0.007104963	0.007596152	0.004476069	0.003560964	0.000764918	0.001596729	0.001201057	0.002782948	0.010795341	0.03264633	0.008599025	0.002975059	0.005642558	0.009433362
0.004960295	0.011549011	0.01433155	0.008474192	0.003522255	0.004533149	0.00842208	0.018957276	0.008043043	0.008672641	0.004802371	0.003819799	0.000871165	0.001706548	0.001332475	0.003107086	0.012023414	0.035241271	0.009241972	0.003265784	0.006364315	0.010278624
0.005619289	0.012364707	0.015012702	0.009317215	0.00377472	0.004890178	0.009435837	0.019965215	0.008851318	0.009620346	0.005044948	0.004019345	0.000971721	0.001790651	0.001440133	0.003382591	0.013076029	0.037538382	0.009761415	0.003501163	0.00700664	0.010987795
0.006229357	0.0130594	0.015554298	0.010064437	0.003988261	0.005199582	0.01036739	0.020773811	0.009570967	0.010480765	0.0052339	0.004182032	0.001069136	0.001858957	0.001531693	0.003625982	0.014015382	0.039673454	0.010206651	0.003700196	0.007598699	0.011613933
0.006802543	0.013670126	0.016002734	0.010741439	0.004174455	0.005475597	0.011238653	0.021446556	0.01022594	0.011277919	0.005385964	0.004320045	0.001164666	0.001916801	0.00161159	0.003846652	0.014876255	0.041712422	0.010603732	0.003873646	0.008156561	0.012185431
0.007346675	0.014219684	0.016385707	0.011364592	0.004340497	0.005727056	0.012063659	0.022021992	0.010831518	0.01202707	0.005511372	0.004440675	0.001258994	0.001967349	0.001682641	0.004050468	0.015680037	0.043690848	0.010967852	0.004028208	0.008689965	0.012719041
0.007867183	0.014723065	0.016720907	0.01194507	0.004491161	0.005959811	0.012851987	0.022525122	0.011398107	0.012738561	0.00561681	0.004548587	0.001352522	0.002012609	0.001746754	0.004241343	0.016440778	0.045629378	0.011308499	0.004168331	0.009205221	0.013225342
0.008368007	0.015190618	0.017020209	0.012490869	0.004629769	0.006177929	0.013610494	0.022972987	0.011933131	0.013419741	0.005706866	0.004646922	0.001445498	0.002053923	0.001805285	0.004422011	0.017168164	0.047540681	0.011631913	0.004297116	0.009706626	0.013711362
0.008852119	0.015629761	0.017291899	0.013007925	0.004758723	0.006384346	0.014344272	0.02337765	0.012442087	0.01407603	0.005784808	0.004737874	0.001538082	0.00209222	0.001859232	0.004594461	0.017869133	0.049432869	0.011942361	0.004416809	0.010197217	0.014181957
0.009321821	0.01604597	0.017541943	0.013500772	0.004879811	0.006581244	0.015057213	0.023747915	0.012929163	0.01471154	0.005853036	0.004823025	0.001630384	0.002128165	0.001909356	0.004760178	0.018548803	0.051311321	0.012242855	0.004529081	0.01067921	0.014640586
0.009778941	0.016443393	0.017774743	0.013972956	0.004994397	0.006770286	0.015752361	0.024090369	0.013397628	0.015329468	0.005913357	0.004903547	0.001722475	0.002162249	0.001956244	0.004920301	0.019211042	0.053179706	0.012535579	0.004635211	0.011154257	0.015089782
0.010224958	0.01682523	0.01799362	0.014427306	0.00510354	0.006952762	0.016432144	0.024410042	0.013850083	0.015932347	0.005967157	0.004980323	0.001814409	0.002194838	0.002000365	0.005075717	0.019858837	0.05504059	0.012822149	0.004736193	0.011623624	0.015531434
0.010661087	0.017193999	0.018201122	0.014866115	0.005208083	0.007129695	0.017098535	0.024710845	0.01428863	0.016522219	0.006015523	0.005054034	0.001906223	0.002226212	0.002042093	0.005227135	0.020494533	0.0568958	0.013103784	0.004832816	0.012088289	0.015966982
0.011088343	0.017551706	0.018399236	0.015291272	0.005308698	0.007301904	0.017753153	0.024995864	0.014714997	0.017100753	0.006059315	0.005125209	0.001997945	0.002256588	0.002081737	0.005375124	0.021119997	0.058746665	0.01338142	0.004925714	0.012549026	0.016397539
0.011507582	0.017899973	0.018589531	0.015704346	0.005405935	0.007470055	0.018397349	0.025267566	0.015130618	0.017669331	0.006099224	0.00519427	0.002089593	0.002286137	0.00211955	0.00552015	0.021736737	0.060594163	0.013655783	0.005015404	0.013006453	0.016823975
0.011919534	0.018240123	0.018773262	0.01610666	0.005500245	0.007634694	0.01903226	0.025527948	0.015536696	0.018229107	0.006135815	0.005261553	0.002181185	0.002314996	0.002155747	0.005662598	0.022345985	0.062439028	0.013927446	0.005102311	0.013461068	0.017246981
0.012324827	0.01857325	0.018951444	0.016499336	0.005592003	0.007796276	0.019658852	0.02577864	0.015934252	0.018781059	0.006169548	0.005327329	0.002272732	0.002343274	0.002190506	0.005802787	0.022948755	0.064281813	0.014196862	0.005186788	0.01391328	0.017667113
0.012724009	0.018900265	0.019124904	0.016883336	0.005681525	0.007955181	0.020277951	0.026020987	0.016324158	0.019326018	0.006200806	0.005391822	0.002364242	0.00237106	0.002223981	0.005940989	0.023545893	0.066122941	0.014464398	0.005269134	0.014363423	0.018084818
0.013117556	0.019221931	0.019294322	0.017259491	0.005769074	0.008111729	0.020890273	0.026256107	0.016707165	0.019864697	0.006229911	0.005455215	0.002455722	0.002398426	0.002256302	0.006077431	0.024138105	0.067962741	0.014730349	0.005349597	0.014811777	0.018500464
0.013505888	0.019538894	0.019460262	0.017628522	0.005854878	0.008266193	0.021496439	0.026484938	0.017083925	0.020397713	0.006257131	0.005517659	0.002547179	0.002425433	0.002287584	0.00621231	0.024725991	0.069801468	0.014994958	0.005428393	0.015258574	0.018914349
0.013889379	0.019851704	0.019623195	0.017991061	0.005939129	0.008418806	0.022096992	0.026708269	0.017455007	0.020925603	0.006282695	0.005579282	0.002638617	0.002452131	0.002317925	0.006345791	0.02531006	0.071639323	0.015258423	0.005505704	0.015704013	0.019326726
0.014268359	0.020160832	0.019783515	0.018347662	0.006021994	0.008569768	0.022692409	0.026926771	0.017820909	0.021448835	0.006306797	0.00564019	0.002730038	0.002478561	0.002347412	0.006478022	0.025890746	0.073476464	0.015520909	0.005581689	0.016148259	0.019737801
0.014643126	0.020466682	0.019941557	0.018698814	0.006103618	0.008719254	0.023283114	0.027141015	0.01818207	0.021967822	0.006329603	0.005700475	0.002821446	0.002504759	0.002376119	0.006609127	0.026468425	0.075313019	0.015782553	0.005656483	0.016591454	0.020147749
0.015013946	0.020769604	0.020097603	0.019044954	0.006184126	0.008867414	0.02386948	0.027351492	0.018538881	0.022482927	0.006351258	0.005760212	0.002912843	0.002530754	0.002404115	0.006739216	0.027043419	0.07714909	0.016043471	0.005730207	0.017033721	0.020556718
0.01538106	0.021069904	0.020251897	0.019386469	0.006263627	0.009014379	0.024451843	0.027558624	0.018891688	0.022994475	0.006371886	0.005819468	0.00300423	0.002556572	0.002431458	0.006868387	0.027616009	0.078984759	0.01630376	0.005802964	0.017475163	0.020964832
0.015744687	0.021367847	0.020404645	0.019723706	0.006342219	0.009160265	0.025030501	0.027762779	0.019240801	0.023502751	0.006391595	0.005878299	0.00309561	0.002582234	0.002458201	0.006996723	0.028186442	0.080820093	0.016563501	0.005874847	0.017915873	0.021372198
0.016105025	0.021663667	0.020556027	0.020056978	0.006419985	0.009305174	0.025605725	0.027964273	0.019586497	0.024008014	0.006410479	0.005936753	0.003186984	0.002607759	0.002484392	0.007124301	0.028754932	0.082655146	0.016822764	0.005945936	0.018355929	0.021778906
0.016462255	0.021957567	0.020706197	0.020386566	0.006497002	0.009449195	0.026177756	0.028163384	0.019929027	0.024510493	0.006428622	0.005994874	0.003278351	0.002633162	0.002510073	0.007251187	0.029321668	0.084489964	0.017081609	0.006016302	0.018795399	0.022185036
0.016816544	0.02224973	0.020855288	0.020712725	0.006573335	0.009592409	0.026746815	0.028360356	0.020268616	0.025010398	0.006446095	0.006052696	0.003369715	0.002658458	0.002535282	0.007377439	0.029886816	0.086324582	0.017340087	0.00608601	0.019234344	0.022590654
0.017168044	0.022540315	0.021003418	0.021035684	0.006649045	0.009734887	0.0273131	0.028555402	0.020605469	0.025507914	0.006462963	0.006110253	0.003461074	0.002683659	0.002560054	0.007503112	0.030450523	0.088159033	0.017598242	0.006155115	0.019672816	0.022995819
0.017516894	0.022829465	0.021150689	0.021355655	0.006724183	0.009876691	0.027876792	0.02874871	0.02093977	0.026003211	0.006479283	0.006167572	0.00355243	0.002708774	0.002584419	0.007628253	0.031012921	0.089993341	0.017856112	0.00622367	0.020110863	0.023400581
0.017863225	0.023117307	0.02129719	0.021672829	0.006798799	0.010017878	0.028438058	0.028940447	0.021271689	0.026496444	0.006495106	0.006224678	0.003643783	0.002733814	0.002608406	0.007752904	0.031574126	0.091827527	0.018113729	0.006291718	0.020548524	0.023804985
0.018207156	0.023403953	0.021443	0.02198738	0.006872933	0.010158499	0.028997048	0.029130761	0.02160138	0.026987753	0.006510476	0.006281591	0.003735133	0.002758786	0.002632041	0.007877104	0.032134243	0.093661609	0.018371122	0.006359301	0.020985837	0.024209069
0.01877534	0.023879313	0.021684666	0.022506236	0.006995525	0.010391733	0.029924013	0.029445138	0.02214629	0.027802666	0.006535192	0.006376072	0.003887379	0.002800273	0.002670712	0.008083194	0.0330656	0.096718221	0.018799679	0.006471004	0.021714004	0.024881921
0.019337631	0.02435204	0.021924873	0.023018912	0.007117042	0.010623704	0.030845612	0.029756442	0.02268598	0.028613109	0.006558921	0.006470148	0.004039621	0.002841619	0.002708565	0.008288267	0.033994561	0.09977464	0.019227778	0.006581665	0.022441421	0.02555411
0.019894443	0.024822477	0.022163848	0.023525991	0.007237617	0.01085457	0.031762346	0.03006511	0.023220956	0.02941954	0.006581796	0.006563879	0.004191859	0.002882845	0.002745684	0.008492443	0.034921443	0.102830908	0.019655497	0.00669141	0.023168193	0.026225743
0.020446148	0.025290915	0.022401774	0.024027979	0.007357361	0.011084463	0.032674655	0.030371503	0.023751663	0.030222353	0.006603931	0.006657317	0.004344093	0.00292397	0.002782141	0.008695825	0.03584651	0.105887058	0.020082899	0.006800347	0.023894412	0.026896908
0.02099308	0.0257576	0.022638804	0.024525326	0.007476371	0.011313499	0.033582928	0.030675927	0.024278488	0.031021896	0.00662542	0.006750505	0.004496326	0.00296501	0.002818001	0.008898501	0.036769988	0.108943114	0.020510036	0.00690857	0.024620151	0.027567676
0.02153554	0.026222744	0.022875066	0.025018429	0.00759473	0.011541774	0.034487507	0.03097864	0.024801776	0.031818474	0.006646344	0.006843477	0.004648557	0.003005976	0.002853318	0.009100549	0.03769207	0.111999095	0.020936949	0.007016157	0.025345473	0.028238107
0.022073799	0.026686528	0.023110668	0.02550764	0.00771251	0.011769374	0.035388699	0.03127986	0.025321831	0.032612356	0.006666773	0.006936263	0.004800786	0.003046879	0.002888143	0.009302035	0.038612922	0.115055016	0.021363672	0.007123179	0.026070434	0.028908251
0.022608105	0.027149108	0.023345698	0.025993274	0.007829773	0.011996373	0.036286775	0.031579775	0.025838924	0.03340378	0.006686766	0.007028889	0.004953014	0.003087729	0.002922518	0.009503017	0.039532684	0.118110889	0.021790235	0.007229695	0.026795077	0.02957815
0.023138683	0.027610618	0.023580234	0.026475613	0.007946573	0.012222833	0.037181981	0.031878543	0.026353298	0.034192957	0.006706374	0.007121375	0.005105241	0.003128532	0.002956483	0.009703546	0.040451482	0.121166723	0.022216661	0.007335759	0.027519442	0.030247837
0.023665739	0.028071177	0.023814339	0.026954909	0.008062958	0.012448811	0.038074534	0.032176303	0.026865169	0.034980076	0.006725641	0.00721374	0.005257467	0.003169295	0.002990073	0.009903667	0.04136942	0.124222525	0.02264297	0.007441415	0.028243563	0.030917342
0.024189463	0.028530887	0.02404807	0.02743139	0.008178969	0.012674357	0.038964633	0.032473172	0.027374731	0.035765308	0.006744605	0.007305999	0.005409692	0.003210023	0.003023318	0.010103419	0.042286593	0.127278302	0.023069179	0.007546705	0.028967468	0.03158669
0.024710029	0.028989836	0.024281473	0.027905263	0.008294644	0.012899513	0.039852457	0.032769252	0.02788216	0.036548802	0.0067633	0.007398165	0.005561917	0.003250721	0.003056246	0.010302836	0.043203081	0.130334058	0.023495302	0.007651664	0.029691183	0.032255902
0.025227596	0.029448104	0.024514588	0.028376714	0.008410015	0.013124317	0.040738167	0.033064633	0.028387614	0.037330695	0.006781755	0.007490249	0.005714141	0.003291392	0.003088881	0.010501951	0.044118957	0.133389796	0.02392135	0.007756324	0.030414729	0.032924995
0.025742312	0.02990576	0.024747451	0.028845912	0.008525111	0.013348803	0.04162191	0.033359393	0.028891237	0.038111111	0.006799995	0.007582262	0.005866365	0.00333204	0.003121247	0.01070079	0.045034281	0.13644552	0.024347334	0.007860713	0.031138125	0.033593984
0.026254315	0.030362864	0.024980092	0.029313011	0.008639957	0.013573001	0.04250382	0.033653598	0.029393159	0.038890161	0.006818043	0.007674211	0.006018589	0.003372668	0.003153365	0.010899378	0.04594911	0.139501233	0.024773262	0.007964855	0.031861387	0.034262883
0.026763732	0.03081947	0.025212536	0.029778153	0.008754576	0.013796938	0.04338402	0.033947308	0.029893499	0.039667945	0.006835917	0.007766104	0.006170813	0.003413278	0.003185251	0.011097737	0.046863493	0.142556936	0.025199142	0.008068773	0.03258453	0.034931703
0.027270681	0.031275627	0.025444806	0.030241465	0.008868988	0.014020637	0.044262621	0.034240575	0.030392365	0.040444556	0.006853636	0.007857948	0.006323036	0.003453872	0.003216923	0.011295886	0.047777472	0.14561263	0.025624979	0.008172488	0.033307567	0.035600453
0.027775272	0.031731376	0.025676922	0.030703066	0.008983212	0.01424412	0.045139725	0.034533445	0.030889856	0.041220076	0.006871216	0.007949747	0.006475259	0.003494453	0.003248397	0.011493844	0.048691086	0.148668318	0.026050779	0.008276015	0.034030508	0.036269143
0.028277609	0.032186755	0.025908902	0.031163064	0.009097264	0.014467405	0.046015428	0.034825959	0.031386063	0.041994583	0.006888668	0.008041508	0.006627482	0.003535021	0.003279686	0.011691625	0.049604369	0.151724001	0.026476547	0.008379373	0.034753363	0.036937778
0.028777788	0.032641799	0.026140759	0.031621559	0.009211159	0.014690509	0.046889814	0.035118152	0.031881068	0.042768144	0.006906007	0.008133233	0.006779705	0.003575578	0.003310803	0.011889246	0.050517352	0.154779678	0.026902287	0.008482574	0.035476142	0.037606366
0.029275897	0.033096537	0.026372508	0.032078641	0.009324909	0.014913449	0.047762965	0.035410055	0.032374947	0.043540825	0.006923241	0.008224927	0.006931927	0.003616126	0.003341759	0.012086718	0.051430062	0.157835352	0.027328002	0.008585632	0.036198851	0.038274911
0.029772023	0.033550997	0.02660416	0.032534396	0.009438527	0.015136237	0.048634953	0.035701697	0.032867772	0.044312683	0.006940382	0.008316594	0.00708415	0.003656665	0.003372566	0.012284053	0.052342523	0.160891022	0.027753695	0.008688558	0.036921497	0.038943419
0.030266245	0.034005203	0.026835725	0.032988902	0.009552024	0.015358886	0.049505847	0.035993103	0.033359606	0.045083772	0.006957437	0.008408235	0.007236372	0.003697196	0.003403233	0.012481262	0.053254757	0.163946689	0.028179368	0.008791364	0.037644087	0.039611894
0.030758636	0.034459176	0.027067213	0.033442231	0.009665408	0.015581407	0.05037571	0.036284296	0.03385051	0.045854142	0.006974415	0.008499854	0.007388595	0.00373772	0.003433768	0.012678354	0.054166785	0.167002355	0.028605025	0.008894058	0.038366626	0.04028034
0.031249268	0.034912937	0.02729863	0.03389445	0.00977869	0.015803812	0.051244599	0.036575295	0.034340539	0.046623837	0.006991322	0.008591452	0.007540817	0.003778239	0.003464182	0.012875339	0.055078623	0.170058018	0.029030666	0.00899665	0.039089119	0.040948759
0.031738207	0.035366503	0.027529985	0.034345621	0.009891877	0.016026108	0.052112571	0.036866117	0.034829744	0.047392901	0.007008164	0.008683033	0.007693039	0.003818752	0.00349448	0.013072224	0.055990287	0.173113679	0.029456294	0.009099147	0.03981157	0.041617154
0.032225514	0.03581989	0.027761284	0.034795803	0.010004976	0.016248304	0.052979674	0.03715678	0.035318173	0.048161371	0.007024948	0.008774597	0.007845262	0.00385926	0.00352467	0.013269017	0.056901793	0.176169339	0.02988191	0.009201556	0.040533982	0.042285529
0.032711251	0.036273114	0.027992532	0.03524505	0.010117994	0.016470408	0.053845956	0.037447298	0.035805869	0.048929283	0.007041677	0.008866147	0.007997484	0.003899763	0.003554759	0.013465724	0.057813153	0.179224997	0.030307515	0.009303884	0.04125636	0.042953885
0.033195471	0.036726186	0.028223733	0.03569341	0.010230937	0.016692427	0.05471146	0.037737682	0.036292875	0.049696671	0.007058357	0.008957683	0.008149706	0.003940263	0.003584752	0.013662352	0.058724378	0.182280655	0.030733111	0.009406138	0.041978706	0.043622224
0.033678229	0.03717912	0.028454894	0.036140932	0.010343811	0.016914368	0.055576228	0.038027946	0.036779227	0.050463566	0.007074992	0.009049207	0.008301928	0.003980759	0.003614656	0.013858906	0.059635481	0.185336311	0.031158698	0.009508321	0.042701024	0.044290547
0.034159575	0.037631926	0.028686016	0.036587658	0.010456621	0.017136236	0.056440297	0.038318099	0.037264961	0.051229995	0.007091586	0.00914072	0.00845415	0.004021252	0.003644475	0.014055391	0.06054647	0.188391967	0.031584278	0.009610441	0.043423315	0.044958858
0.034639556	0.038084613	0.028917105	0.03703363	0.010569371	0.017358036	0.057303704	0.03860815	0.037750111	0.051995987	0.007108141	0.009232223	0.008606373	0.004061742	0.003674215	0.014251812	0.061457355	0.191447622	0.032009852	0.0097125	0.044145582	0.045627156
0.035118217	0.038537192	0.029148163	0.037478886	0.010682065	0.017579773	0.058166481	0.03889811	0.038234708	0.052761565	0.007124661	0.009323718	0.008758595	0.004102229	0.003703879	0.014448173	0.062368143	0.194503277	0.032435419	0.009814504	0.044867827	0.046295443
0.035595603	0.03898967	0.029379193	0.037923462	0.010794708	0.017801453	0.05902866	0.039187984	0.03871878	0.053526752	0.007141149	0.009415204	0.008910817	0.004142714	0.003733473	0.014644479	0.063278841	0.197558931	0.032860981	0.009916455	0.045590052	0.04696372
0.036071754	0.039442055	0.029610197	0.038367391	0.010907303	0.018023078	0.05989027	0.039477781	0.039202354	0.054291571	0.007157607	0.009506682	0.009063039	0.004183197	0.003763	0.014840733	0.064189458	0.200614584	0.033286538	0.010018359	0.046312259	0.047631988
0.036546709	0.039894354	0.029841179	0.038810705	0.011019853	0.018244653	0.060751339	0.039767506	0.039685457	0.05505604	0.007174038	0.009598154	0.009215261	0.004223678	0.003792463	0.015036938	0.065099998	0.203670237	0.033712091	0.010120217	0.047034448	0.048300248
0.037020505	0.040346573	0.030072139	0.039253433	0.011132361	0.018466181	0.061611893	0.040057165	0.040168111	0.05582018	0.007190443	0.00968962	0.009367483	0.004264157	0.003821866	0.015233098	0.066010468	0.20672589	0.034137639	0.010222034	0.047756622	0.0489685
0.037493178	0.040798717	0.03030308	0.039695604	0.011244831	0.018687665	0.062471956	0.040346764	0.04065034	0.056584007	0.007206825	0.00978108	0.009519705	0.004304635	0.003851213	0.015429216	0.066920872	0.209781543	0.034563185	0.010323811	0.048478782	0.049636746
0.037964763	0.041250793	0.030534004	0.040137243	0.011357265	0.018909109	0.06333155	0.040636307	0.041132163	0.057347537	0.007223186	0.009872535	0.009671927	0.004345111	0.003880506	0.015625294	0.067831216	0.212837195	0.034988727	0.010425552	0.049200929	0.050304986
0.03843529	0.041702805	0.030764912	0.040578376	0.011469665	0.019130514	0.064190699	0.0409258	0.041613601	0.058110787	0.007239526	0.009963985	0.009824149	0.004385585	0.003909748	0.015821334	0.068741503	0.215892847	0.035414266	0.010527259	0.049923063	0.050973221
0.038904793	0.042154758	0.030995805	0.041019025	0.011582033	0.019351884	0.065049421	0.041215244	0.042094672	0.058873771	0.007255848	0.010055431	0.009976371	0.004426059	0.003938942	0.01601734	0.069651738	0.218948499	0.035839802	0.010628933	0.050645187	0.05164145
0.039373299	0.042606655	0.031226684	0.041459212	0.011694371	0.019573221	0.065907736	0.041504646	0.042575394	0.059636501	0.007272153	0.010146873	0.010128593	0.004466531	0.00396809	0.016213312	0.070561924	0.222004151	0.036265337	0.010730578	0.0513673	0.052309675
0.039840838	0.043058501	0.031457551	0.041898959	0.011806682	0.019794528	0.066765663	0.041794006	0.043055783	0.060398992	0.007288442	0.010238311	0.010280815	0.004507003	0.003997194	0.016409254	0.071472065	0.225059803	0.036690869	0.010832194	0.052089403	0.052977896
0.040307438	0.043510299	0.031688408	0.042338284	0.011918967	0.020015805	0.067623218	0.04208333	0.043535855	0.061161254	0.007304716	0.010329746	0.010433037	0.004547473	0.004026257	0.016605167	0.072382164	0.228115454	0.037116399	0.010933784	0.052811498	0.053646113
0.040773123	0.043962053	0.031919253	0.042777207	0.012031228	0.020237054	0.068480418	0.042372619	0.044015624	0.0619233	0.007320977	0.010421178	0.010585259	0.004587943	0.00405528	0.016801053	0.073292224	0.231171106	0.037541928	0.01103535	0.053533585	0.054314327
0.041237919	0.044413765	0.03215009	0.043215744	0.012143465	0.020458279	0.069337278	0.042661877	0.044495103	0.062685139	0.007337224	0.010512607	0.010737481	0.004628412	0.004084267	0.016996913	0.074202247	0.234226757	0.037967455	0.011136892	0.054255664	0.054982538
0.041701851	0.044865437	0.032380917	0.043653913	0.012255682	0.020679479	0.070193812	0.042951104	0.044974307	0.063446781	0.00735346	0.010604034	0.010889703	0.00466888	0.004113217	0.017192749	0.075112236	0.237282408	0.03839298	0.011238412	0.054977736	0.055650745
0.042164941	0.045317074	0.032611737	0.044091729	0.012367878	0.020900657	0.071050035	0.043240305	0.045453247	0.064208237	0.007369685	0.010695458	0.011041925	0.004709348	0.004142134	0.017388563	0.076022193	0.240338059	0.038818504	0.011339912	0.055699802	0.05631895
0.042627212	0.045768676	0.032842549	0.044529206	0.012480055	0.021121815	0.071905959	0.043529479	0.045931935	0.064969514	0.0073859	0.01078688	0.011194147	0.004749815	0.004171019	0.017584355	0.076932121	0.243393711	0.039244027	0.011441393	0.056421862	0.056987153
0.043088685	0.046220247	0.033073355	0.04496636	0.012592215	0.021342952	0.072761597	0.043818631	0.046410382	0.065730622	0.007402104	0.0108783	0.011346369	0.004790281	0.004199872	0.017780126	0.07784202	0.246449362	0.039669549	0.011542856	0.057143916	0.057655354
0.04354938	0.046671788	0.033304154	0.045403202	0.012704358	0.021564071	0.07361696	0.04410776	0.046888599	0.066491567	0.0074183	0.010969718	0.011498591	0.004830747	0.004228697	0.017975879	0.078751894	0.249505013	0.04009507	0.011644302	0.057865965	0.058323552
0.044009318	0.047123301	0.033534948	0.045839747	0.012816485	0.021785172	0.07447206	0.044396869	0.047366594	0.067252358	0.007434488	0.011061134	0.011650813	0.004871212	0.004257493	0.018171614	0.079661743	0.252560664	0.04052059	0.011745731	0.05858801	0.058991749
0.044468518	0.047574788	0.033765736	0.046276006	0.012928598	0.022006257	0.075326907	0.044685959	0.047844379	0.068013002	0.007450668	0.011152549	0.011803035	0.004911677	0.004286263	0.018367332	0.080571569	0.255616314	0.040946109	0.011847145	0.05931005	0.059659944
0.044926997	0.048026251	0.03399652	0.046711991	0.013040696	0.022227327	0.076181511	0.044975031	0.048321961	0.068773504	0.007466841	0.011243962	0.011955257	0.004952142	0.004315007	0.018563034	0.081481374	0.258671965	0.041371628	0.011948546	0.060032086	0.060328137
0.045384774	0.04847769	0.034227299	0.047147712	0.013152782	0.022448382	0.077035882	0.045264087	0.048799349	0.069533872	0.007483006	0.011335374	0.012107479	0.004992606	0.004343727	0.018758721	0.082391159	0.261727616	0.041797146	0.012049932	0.060754118	0.060996329
0.045841865	0.048929109	0.034458073	0.04758318	0.013264855	0.022669423	0.077890029	0.045553128	0.049276551	0.070294112	0.007499166	0.011426785	0.012259701	0.00503307	0.004372424	0.018954393	0.083300925	0.264783267	0.042222663	0.012151306	0.061476146	0.06166452
0.046298287	0.049380507	0.034688844	0.048018405	0.013376916	0.022890451	0.078743961	0.045842154	0.049753575	0.071054229	0.007515319	0.011518195	0.012411923	0.005073534	0.004401098	0.019150052	0.084210674	0.267838918	0.04264818	0.012252668	0.062198171	0.06233271
0.046754057	0.049831886	0.034919611	0.048453396	0.013488966	0.023111467	0.079597686	0.046131167	0.050230428	0.071814228	0.007531467	0.011609603	0.012564145	0.005113997	0.004429751	0.019345698	0.085120406	0.270894569	0.043073696	0.012354019	0.062920193	0.063000898
0.047209189	0.050283247	0.035150375	0.048888163	0.013601006	0.023332472	0.080451212	0.046420168	0.050707117	0.072574114	0.00754761	0.011701011	0.012716367	0.00515446	0.004458384	0.019541332	0.086030122	0.273950219	0.043499211	0.012455359	0.063642212	0.063669085
0.047663698	0.050734591	0.035381136	0.049322713	0.013713036	0.023553466	0.081304546	0.046709157	0.051183648	0.073333893	0.007563748	0.011792417	0.012868589	0.005194923	0.004486998	0.019736954	0.086939824	0.27700587	0.043924726	0.012556689	0.064364229	0.064337272
0.048117598	0.05118592	0.035611894	0.049757055	0.013825057	0.023774449	0.082157696	0.046998135	0.051660028	0.074093569	0.007579881	0.011883823	0.013020811	0.005235386	0.004515592	0.019932565	0.087849513	0.280061521	0.044350241	0.012658009	0.065086242	0.065005458
0.048570904	0.051637234	0.03584265	0.050191196	0.013937069	0.023995423	0.083010669	0.047287103	0.052136263	0.074853147	0.00759601	0.011975228	0.013173033	0.005275848	0.004544169	0.020128166	0.088759188	0.283117172	0.044775755	0.01275932	0.065808254	0.065673642
0.049023629	0.052088533	0.036073402	0.050625145	0.014049072	0.024216388	0.08386347	0.047576062	0.052612358	0.075612629	0.007612135	0.012066632	0.013325255	0.005316311	0.004572729	0.020323757	0.089668851	0.286172822	0.04520127	0.012860623	0.066530263	0.066341826
0.049475785	0.05253982	0.036304153	0.051058908	0.014161068	0.024437344	0.084716106	0.047865012	0.053088318	0.076372021	0.007628256	0.012158036	0.013477477	0.005356773	0.004601273	0.020519339	0.090578503	0.289228473	0.045626783	0.012961917	0.06725227	0.06701001
0.049927386	0.052991094	0.036534902	0.051492492	0.014273056	0.024658292	0.085568584	0.048153953	0.05356415	0.077131327	0.007644374	0.012249438	0.013629699	0.005397235	0.0046298	0.020714912	0.091488144	0.292284124	0.046052297	0.013063204	0.067974276	0.067678193
0.050378444	0.053442357	0.036765648	0.051925904	0.014385037	0.024879232	0.086420909	0.048442887	0.054039857	0.077890548	0.007660488	0.012340841	0.013781921	0.005437697	0.004658313	0.020910477	0.092397775	0.295339774	0.04647781	0.013164484	0.068696279	0.068346375
0.050828969	0.053893609	0.036996393	0.052359149	0.014497012	0.025100164	0.087273086	0.048731813	0.054515445	0.07864969	0.007676599	0.012432242	0.013934143	0.005478158	0.004686811	0.021106034	0.093307396	0.298395425	0.046903323	0.013265756	0.069418281	0.069014556
0.051278975	0.05434485	0.037227136	0.052792234	0.01460898	0.02532109	0.088125121	0.049020733	0.054990917	0.079408755	0.007692708	0.012523644	0.014086365	0.00551862	0.004715296	0.021301583	0.094217008	0.301451076	0.047328835	0.013367022	0.070140281	0.069682738
0.051728471	0.054796081	0.037457878	0.053225165	0.014720942	0.025542009	0.088977018	0.049309646	0.055466279	0.080167747	0.007708813	0.012615044	0.014238587	0.005559081	0.004743767	0.021497125	0.095126612	0.304506726	0.047754348	0.013468282	0.07086228	0.070350918
0.052177468	0.055247303	0.037688618	0.053657946	0.014832898	0.025762922	0.089828783	0.049598553	0.055941535	0.080926667	0.007724916	0.012706445	0.014390809	0.005599542	0.004772225	0.02169266	0.096036207	0.307562377	0.04817986	0.013569536	0.071584278	0.071019099
0.052625977	0.055698516	0.037919356	0.054090583	0.014944849	0.025983829	0.09068042	0.049887455	0.056416687	0.08168552	0.007741016	0.012797844	0.014543031	0.005640004	0.004800671	0.021888188	0.096945795	0.310618028	0.048605372	0.013670784	0.072306274	0.071687278
0.053074009	0.056149721	0.038150094	0.054523081	0.015056795	0.026204731	0.091531933	0.050176351	0.056891741	0.082444308	0.007757114	0.012889244	0.014695253	0.005680465	0.004829106	0.02208371	0.097855376	0.313673678	0.049030884	0.013772027	0.073028268	0.072355458
0.053521572	0.056600918	0.03838083	0.054955444	0.015168736	0.026425627	0.092383327	0.050465243	0.057366699	0.083203032	0.00777321	0.012980643	0.014847475	0.005720926	0.004857529	0.022279227	0.098764951	0.316729329	0.049456396	0.013873265	0.073750262	0.073023637
0.053968676	0.057052108	0.038611565	0.055387678	0.015280672	0.026646518	0.093234605	0.050754129	0.057841565	0.083961697	0.007789304	0.013072042	0.014999697	0.005761387	0.004885941	0.022474737	0.099674518	0.31978498	0.049881908	0.013974498	0.074472255	0.073691816
0.054415331	0.057503291	0.038842299	0.055819787	0.015392604	0.026867404	0.094085772	0.051043011	0.058316342	0.084720303	0.007805396	0.01316344	0.015151919	0.005801847	0.004914343	0.022670243	0.10058408	0.32284063	0.050307419	0.014075726	0.075194246	0.074359995
0.054861545	0.057954467	0.039073032	0.056251775	0.015504532	0.027088286	0.094936832	0.05133189	0.058791034	0.085478854	0.007821486	0.013254838	0.015304141	0.005842308	0.004942734	0.022865743	0.101493636	0.325896281	0.050732931	0.01417695	0.075916237	0.075028173
0.055307327	0.058405637	0.039303764	0.056683645	0.015616455	0.027309163	0.095787787	0.051620764	0.059265643	0.086237351	0.007837574	0.013346236	0.015456363	0.005882769	0.004971116	0.023061238	0.102403187	0.328951931	0.051158442	0.01427817	0.076638227	0.075696351
0.055752686	0.058856801	0.039534495	0.057115403	0.015728375	0.027530036	0.096638642	0.051909634	0.059740173	0.086995796	0.00785366	0.013437634	0.015608585	0.00592323	0.004999489	0.023256729	0.103312732	0.332007582	0.051583953	0.014379386	0.077360216	0.076364529
0.05619763	0.059307959	0.039765226	0.057547051	0.015840292	0.027750905	0.097489399	0.052198502	0.060214625	0.087754191	0.007869746	0.013529031	0.015760807	0.00596369	0.005027852	0.023452215	0.104222273	0.335063233	0.052009465	0.014480598	0.078082204	0.077032706