t [s]	Irepresentative[m]
0	0
5	0.001715814
10	0.002325649
15	0.00275987
20	0.003105361
30	0.003646876
40	0.004070332
60	0.004722548
90	0.005439874
120	0.005989974
150	0.006442589
180	0.006831574
210	0.007176023
240	0.007487764
270	0.007774626
300	0.008042044
330	0.008293938
360	0.008533219
390	0.0087621
420	0.008982301
450	0.009195181
480	0.009401829
510	0.009603127
540	0.009799802
570	0.009992456
600	0.01018159
630	0.010367631
660	0.010550938
690	0.010731818
720	0.010910538
750	0.011087324
780	0.011262377
810	0.01143587
840	0.011607954
870	0.011778764
900	0.011948417
930	0.012117019
960	0.012284662
990	0.01245143
1020	0.012617396
1050	0.012782628
1100	0.01305654
1150	0.013328817
1200	0.013599662
1250	0.013869251
1300	0.01413773
1350	0.01440523
1400	0.014671858
1450	0.014937712
1500	0.015202873
1550	0.015467416
1600	0.015731402
1650	0.015994889
1700	0.016257925
1750	0.016520554
1800	0.016782815
1850	0.017044742
1900	0.017306365
1950	0.017567712
2000	0.017828807
2050	0.018089673
2100	0.018350328
2150	0.018610791
2200	0.018871078
2250	0.019131202
2300	0.019391178
2350	0.019651017
2400	0.01991073
2450	0.020170326
2500	0.020429815
2550	0.020689204
2600	0.020948502
2650	0.021207714
2700	0.021466847
2750	0.021725907
2800	0.021984899
2850	0.022243828
2900	0.022502697
2950	0.022761512
3000	0.023020276
3050	0.023278993
3100	0.023537665
3150	0.023796295
3200	0.024054887
3250	0.024313442
3300	0.024571963
3350	0.024830453
3400	0.025088913
3450	0.025347345
3500	0.025605751
3550	0.025864132
3600	0.02612249
3650	0.026380826
3700	0.026639142
3750	0.026897439
3800	0.027155718
3850	0.02741398
3900	0.027672225
3950	0.027930456
4000	0.028188672
4050	0.028446875
4100	0.028705066
4150	0.028963244
4200	0.029221411
4250	0.029479567
4300	0.029737713
4350	0.02999585
4400	0.030253978
4450	0.030512097
4500	0.030770208
4550	0.031028311
4600	0.031286407
4650	0.031544496
4700	0.031802579
4750	0.032060655
4800	0.032318725
4850	0.03257679
4900	0.03283485
4950	0.033092904
5000	0.033350954