0	0.0048934367
8	0.0047531931
10	0.0047531931
12	0.0048934367
13	0.0048934367
14	0.0050378181
17	0.0053394867
19	0.0059980979
21	0.0071414206
23	0.010123408
26	0.0203428125
29	0.0515849884
31	0.077503709
33	0.1234180435
35	0.1854290643
37	0.2553238733
40	0.2952799628
43	0.3039922334
46	0.2553238733
48	0.2339946307
50	0.1965327034
52	0.1427319538
54	0.119880942
57	0.0845683814
60	0.0614178206
63	0.0459207841
67	0.0296880474
70	0.0215609562
74	0.0165963055
77	0.0135397874
80	0.0113721029
84	0.0087535494
88	0.0082589943
92	0.0073521291
96	0.006737947
99	0.0065448407
103	0.0061750725
106	0.0061750725
110	0.0059980979
116	0.0059980979
120	0.0056592193
123	0.0056592193
125	0.0054970288
130	0.0054970288
136	0.0053394867
141	0.0051864595
175	0.0050378181
