p 0.002774734 2.138412 0.3615678 1.059653 .0000021514733094
p 0.002774734 2.138412 0.3615678 1.059653 .0000019363259784
p 0.002774734 2.138412 0.3615678 1.059653 .0000017426933805
p 0.002774734 2.138412 0.3615678 1.059653 .0000015684240424
p 0.002774734 2.138412 0.3615678 1.059653 .0000014115816381
p 0.002774734 2.138412 0.3615678 1.059653 .0000012704234742
p 0.002774734 2.138412 0.3615678 1.059653 .0000011433811267
p 0.002774734 2.138412 0.3615678 1.059653 .0000010290430140
p 0.002774734 2.138412 0.3615678 1.059653 .0000009261387126
p 0.002774734 2.138412 0.3615678 1.059653 .0000008335248413
p 0.002774734 2.138412 0.3615678 1.059653 .0000007501723571
p 0.002774734 2.138412 0.3615678 1.059653 .0000006751551213
p 0.002774734 2.138412 0.3615678 1.059653 .0000006076396091
p 0.002774734 2.138412 0.3615678 1.059653 .0000005468756481
p 0.002774734 2.138412 0.3615678 1.059653 .0000004921880832
p 0.002774734 2.138412 0.3615678 1.059653 .0000004429692748
p 0.002774734 2.138412 0.3615678 1.059653 .0000003986723473
