p 0.0015607 1.3805 0.828 1.0582
p 0.0015607 1.3805 0.828 1.0582
p 0.0015607 1.3805 0.828 1.0582
p 0.0015607 1.3805 0.828 1.0582
p 0.0015607 1.3805 0.828 1.0582
p 0.0015607 1.3805 0.828 1.0582
p 0.0015607 1.3805 0.828 1.0582
p 0.0015607 1.3805 0.828 1.0582
p 0.0015607 1.3805 0.828 1.0582
p 0.0015607 1.3805 0.828 1.0582
p 0.0015607 1.3805 0.828 1.0582
p 0.0015607 1.3805 0.828 1.0582
p 0.0015607 1.3805 0.828 1.0582
p 0.0015607 1.3805 0.828 1.0582
p 0.0015607 1.3805 0.828 1.0582
p 0.0015607 1.3805 0.828 1.0582
p 0.0015607 1.3805 0.828 1.0582
p 0.0015607 1.3805 0.828 1.0582
p 0.0015607 1.3805 0.828 1.0582
p 0.0015607 1.3805 0.828 1.0582
p 0.0015607 1.3805 0.828 1.0582
p 0.0015607 1.3805 0.828 1.0582
p 0.0015607 1.3805 0.828 1.0582
p 0.0015607 1.3805 0.828 1.0582
p 0.0015607 1.3805 0.828 1.0582
p 0.0015607 1.3805 0.828 1.0582
p 0.0015607 1.3805 0.828 1.0582
p 0.0015607 1.3805 0.828 1.0582
p 0.0015607 1.3805 0.828 1.0582
p 0.0015607 1.3805 0.828 1.0582
p 0.0015607 1.3805 0.828 1.0582
p 0.0015607 1.3805 0.828 1.0582
