   0.0000000000000000                         3
   9.9999999999999995E-007                    3
   2.0599999427795411E-006                    3
   3.1835998214721713E-006                    3
   4.3746156285934583E-006                    3
   5.6370923159915520E-006                    3
   6.9753175323940351E-006                    3
   8.3938361852068059E-006                    3
   9.8974658760200552E-006                    3
   1.1491313262243718E-005                    3
   1.3180791400440123E-005                    3
   1.4971638130255596E-005                    3
   1.6869935561386927E-005                    3
   1.8882130729764687E-005                    3
   2.1015057493106380E-005                    3
   2.3275959740201527E-005                    3
   2.5672515992752517E-005                    3
   2.8212865483324521E-005                    3
   3.0905635797970881E-005                    3
   3.3759972177414472E-005                    3
   3.6785568576298234E-005                    3
   3.9992700585989008E-005                    3
   4.3392260332747663E-005                    3
   4.6995793469787467E-005                    3
   5.0815538388853845E-005                    3
   5.4864467784496646E-005                    3
   5.9156332712196417E-005                    3
   6.3705709289975699E-005                    3
   6.8528048202104314E-005                    3
   7.3639727173024206E-005                    3
   7.9058106589706666E-005                    3
   8.4801588461347918E-005                    3
   9.0889678916642973E-005                    3
   9.7343054450892410E-005                    3
   1.0418363214793170E-004                    3
   1.1143464411537236E-004                    3
   1.1912071638595322E-004                    3
   1.2726795255296833E-004                    3
   1.3590402242381577E-004                    3
   1.4505825599275417E-004                    3
   1.5476174305201944E-004                    3
   1.6504743877960264E-004                    3
   1.7595027566228859E-004                    3
   1.8750728213407037E-004                    3
   1.9975770833286185E-004                    3
   2.1274315940260580E-004                    3
   2.2650773679350092E-004                    3
   2.4109818804023432E-004                    3
   2.5656406552689942E-004                    3
   2.7295789477779981E-004                    3
   2.9033535284569176E-004                    3
   3.0875545740331110E-004                    3
   3.2828076718038077E-004                    3
   3.4897759442682747E-004                    3
   3.7091623012377897E-004                    3
   3.9417118270720876E-004                    3
   4.1882143111498528E-004                    3
   4.4495069301672989E-004                    3
   4.7264770913745078E-004                    3
   5.0200654464057899E-004                    3
   5.3312690859396881E-004                    3
   5.6611449260384058E-004                    3
   6.0108132976673990E-004                    3
   6.3814617515859469E-004                    3
   6.7743490915309328E-004                    3
   7.1908096493914246E-004                    3
   7.6322578168934810E-004                    3
   8.1001928491857944E-004                    3
   8.5962039566401898E-004                    3
   9.1219757021598652E-004                    3
   9.6792937223258207E-004                    3
   1.0270050791811741E-003                    3
   1.0896253251663425E-003                    3
   1.1560027823274619E-003                    3
   1.2263628831200998E-003                    3
   1.3009445859342586E-003                    3
   1.3800011866496678E-003                    3
   1.4638011788843466E-003                    3
   1.5526291658580320E-003                    3
   1.6467868269673604E-003                    3
   1.7465939423555038E-003                    3
   1.8523894789559271E-003                    3
   1.9645327416987065E-003                    3
   2.0834045937891637E-003                    3
   2.2094087502031465E-003                    3
   2.3429731487919526E-003                    3
   2.4845514036534707E-003                    3
   2.6346243457055071E-003                    3
   2.7937016556934232E-003                    3
   2.9623235951781375E-003                    3
   3.1410628413833098E-003                    3
   3.3305264321332509E-003                    3
   3.5313578274869949E-003                    3
   3.7442390950702988E-003                    3
   3.9698932265274369E-003                    3
   4.2090865929599710E-003                    3
   4.4626315476917026E-003                    3
   4.7313891851993792E-003                    3
   5.0162722655790809E-003                    3
   5.3182483144804246E-003                    3
   5.6383429090366404E-003                    3
   5.9776431609502700E-003                    3
   6.3373014085638009E-003                    3
   6.7185391304543339E-003                    3
   7.1226510938437008E-003                    3
   7.5510097519129581E-003                    3
   8.0050699049554926E-003                    3
   8.4863736411990472E-003                    3
   8.9965555740767946E-003                    3
   9.5373483937343639E-003                    3
   1.0110588751626973E-002                    3
   1.0718223498192063E-002                    3
   1.1362316294781918E-002                    3
   1.2045054622311880E-002                    3
   1.2768757210427039E-002                    3
   1.3535881912418514E-002                    3
   1.4349034052634248E-002                    3
   1.5210975274733989E-002                    3
   1.6124632920839040E-002                    3
   1.7093109973430484E-002                    3
   1.8119695593760716E-002                    3
   1.9207876292569061E-002                    5
   2.0361347771039706E-002                    4
   2.1514819249510351E-002                    4
   2.2668290727980996E-002                    4
   2.3821762206451640E-002                    4
   2.4975233684922285E-002                    4
   2.6128705163392930E-002                    4
   2.7282176641863574E-002                    3
   2.8435648120334219E-002                    4
   2.9658327821510937E-002                    3
   3.0881007522687656E-002                    3
   3.2177047935972682E-002                    3
   3.3550850699894781E-002                    3
   3.5007081551042582E-002                    3
   3.6550686169933053E-002                    4
   3.8186906977631191E-002                    3
   3.9823127785329329E-002                    3
   4.1557521747864049E-002                    3
   4.3395979248908034E-002                    3
   4.5344744094817271E-002                    3
   4.7410434719971847E-002                    3
   4.9600066664435935E-002                    3
   5.1921076400276121E-002                    3
   5.4381346587457476E-002                    3
   5.6989232845091921E-002                    3
   5.9753592128959983E-002                    4
   6.2683812811682227E-002                    3
   6.5614033494404464E-002                    4
   6.8720067250421471E-002                    3
   7.1826101006438478E-002                    3
   7.5118496610087820E-002                    3
   7.8608435761563733E-002                    3
   8.2307771062432283E-002                    3
   8.6229066269675289E-002                    4
   9.0385638964974563E-002                    4
   9.4542211660273837E-002                    3
   9.8698784355573110E-002                    4
  0.10310475117474935                         3
  0.10751071799392559                         4
  0.11218104257014094                         3
  0.11685136714635630                         4
  0.12180191092990647                         4
  0.12675245471345664                         3
  0.13170299849700681                         3
  0.13695057462429761                         4
  0.14251300501895714                         3
  0.14807543541361667                         4
  0.15397161131367096                         3
  0.15986778721372524                         4
  0.16611773333040089                         4
  0.17236767944707654                         4
  0.17861762556375219                         3
  0.18486757168042783                         4
  0.19149251420647923                         3
  0.19811745673253062                         4
  0.20513989543106284                         4
  0.21216233412959506                         4
  0.21918477282812729                         4
  0.22620721152665951                         3
  0.23322965022519174                         4
  0.24067343484380874                         4
  0.24811721946242574                         4
  0.25556100408104271                         4
  0.26300478869965971                         4
  0.27044857331827671                         3
  0.27789235793689371                         4
  0.28578276920669093                         4
  0.29367318047648816                         4
  0.30156359174628539                         4
  0.30945400301608261                         4
  0.31734441428587984                         4
  0.32523482555567707                         3
  0.33312523682547429                         4
  0.34148907231996639                         4
  0.34985290781445849                         3
  0.35821674330895059                         4
  0.36708240845452972                         4
  0.37594807360010885                         3
  0.38481373874568797                         4
  0.39421134329270441                         4
  0.40360894783972084                         4
  0.41300655238673728                         4
  0.42240415693375372                         4
  0.43180176148077015                         4
  0.44119936602778659                         4
  0.45059697057480302                         4
  0.45999457512181946                         4
  0.46939217966883590                         4
  0.47878978421585233                         3
  0.48818738876286877                         3
  0.49814884904497098                         3
  0.50814884904497093                         3
  0.51814884904497094                         3
  0.52814884904497095                         4
  0.53814884904497096                         4
  0.54814884904497096                         4
  0.55814884904497097                         4
  0.56814884904497098                         4
  0.57814884904497099                         4
  0.58814884904497100                         4
  0.59814884904497101                         3
  0.60814884904497102                         3
  0.61814884904497103                         3
  0.62814884904497104                         3
  0.63814884904497104                         3
  0.64814884904497105                         3
  0.65814884904497106                         3
  0.66814884904497107                         3
  0.67814884904497108                         3
  0.68814884904497109                         3
  0.69814884904497110                         3
  0.70814884904497111                         3
  0.71814884904497112                         3
  0.72814884904497112                         3
  0.73814884904497113                         3
  0.74814884904497114                         3
