0.00356 0.012892335
0.00256 0.01250071
0.00351 0.01277646
0.00261 0.01238067
0.003465 0.01271752
0.002655 0.01229768
0.0034245 0.01266066
0.0026955 0.01225848
0.00338805 0.0125543
0.00273195 0.012249285
0.003355245 0.0124775
0.002764755 0.01222252
0.0033257205 0.012503725
0.0027942795 0.01217915
0.00329914845 0.01238222
0.00282085155 0.012191525
0.003275233605 0.01239341
0.002844766395 0.012213065
0.0032537102445 0.01236878
0.0028662897555 0.01216332
0.00323433922005 0.012319175
0.00288566077995 0.01217212
0.003216905298045 0.01230884
0.002903094701955 0.012158285
0.0032012147682405 0.01229957
0.0029187852317595 0.012155475
0.0031870932914164 0.012286355
0.0029329067085836 0.01216522
0.0031743839622747 0.012257445
0.0029456160377253 0.012169675
0.0031629455660472 0.01228686
0.0029570544339528 0.012156205
0.0031526510094424 0.012236605
0.0029673489905576 0.01215385
0.0031433859084981 0.01222293
0.0029766140915019 0.01216424
0.0031350473176482 0.012219765
0.0029849526823518 0.012158315
0.0031275425858833 0.01224235
0.0029924574141167 0.01217891
0.0031207883272949 0.0122206
0.0029992116727051 0.012158925
0.0031147094945654 0.012253995
0.0030052905054346 0.01217712
0.0031092385451088 0.01223875
0.0030107614548912 0.01218849
0.0031043146905979 0.012211815
0.0030156853094021 0.01218809
0.0030998832215381 0.01220888
0.0030201167784619 0.012182075
0.0030958948993842 0.01221518
0.0030241051006158 0.012191565
0.0030923054094457 0.01224179
0.0030276945905543 0.01218944
0.0030890748685011 0.012210435
0.0030309251314989 0.012193925
0.0030861673816509 0.01223964
0.0030338326183491 0.012185625
0.0030835506434858 0.012204185
0.0030364493565142 0.01220917
0.0030811955791372 0.012222595
0.0030388044208628 0.01219653
0.0030790760212234 0.012219905
0.0030409239787766 0.0121868
0.003077168419101 0.012221695
0.003042831580899 0.01220174
0.0030754515771909 0.01220411
0.0030445484228091 0.012197825
0.0030739064194718 0.012193875
0.0030460935805282 0.012196735
0.0030725157775246 0.01221522
0.0030474842224754 0.012194665
0.0030712641997721 0.012201875
0.0030487358002279 0.01221576
0.0030701377797948 0.0122126
0.0030498622202052 0.01217552
0.0030691240018153 0.012199615
0.0030508759981847 0.012202885
0.0030682116016337 0.01219297
0.0030517883983663 0.012191225
0.0030673904414703 0.01220808
0.0030526095585297 0.0121973
0.0030666513973232 0.012228205
0.0030533486026768 0.01221035
0.0030659862575908 0.012221505
0.0030540137424092 0.01219351
0.0030653876318317 0.012217745
0.0030546123681683 0.01218991
0.0030648488686485 0.012223545
0.0030551511313515 0.01220549
0.0030643639817836 0.012200635
0.0030556360182164 0.01220362
0.0030639275836052 0.012219215
0.0030560724163948 0.01219996
0.0030635348252446 0.012217545
0.0030564651747554 0.012185235
0.0030631813427201 0.01219106
0.0030568186572799 0.012183035
0.003062863208448 0.01219096
0.003057136791552 0.01221343
0.0030625768876032 0.012184915
0.0030574231123968 0.01218064
0.0030623191988428 0.012203855
0.0030576808011572 0.01219267
0.0030620872789585 0.012205065
0.0030579127210415 0.01218971
0.0030618785510626 0.012228085
0.0030581214489374 0.01218718
0.0030616906959563 0.01221088
0.0030583093040437 0.012206465
0.0030615216263606 0.01218472
0.0030584783736394 0.012196405
0.0030613694637245 0.01220314
0.0030586305362755 0.012204015
0.003061232517352 0.0122064
0.003058767482648 0.012198455
0.0030611092656168 0.012181295
0.0030588907343832 0.012188585
0.0030609983390551 0.01221917
0.0030590016609449 0.012185805
0.0030608985051495 0.012216185
0.0030591014948505 0.012183055
0.0030608086546345 0.01219077
0.0030591913453655 0.01220402
0.003060727789171 0.012200625
0.003059272210829 0.012199055
0.0030606550102539 0.012190435
0.0030593449897461 0.0121998
0.0030605895092285 0.012204265
0.0030594104907715 0.01217541
0.0030605305583056 0.01219336
0.0030594694416944 0.01220687
0.003060477502475 0.012211535
0.003059522497525 0.01220837
0.0030604297522275 0.012218215
0.0030595702477725 0.01222971
