   0.0000000000000000                            NaN
  0.50000000000000000                            NaN
   1.0000000000000000                            NaN
   1.5000000000000000                            NaN
   2.0000000000000000                            NaN
   2.5000000000000000                            NaN
   3.0000000000000000                            NaN
   3.5000000000000000                            NaN
   4.0000000000000000                            NaN
   4.5000000000000000                            NaN
   5.0000000000000000                            NaN
   5.5000000000000000                            NaN
   6.0000000000000000                            NaN
   6.5000000000000000                            NaN
   7.0000000000000000                            NaN
   7.5000000000000000                            NaN
   8.0000000000000000                            NaN
   8.5000000000000000                            NaN
   9.0000000000000000                            NaN
   9.5000000000000000                            NaN
   10.000000000000000                            NaN
   10.500000000000000                            NaN
   11.000000000000000                            NaN
   11.500000000000000                            NaN
   12.000000000000000                            NaN
