   0.0000000000000000                         1
   1.0000000000000000E-004                    1
   1.0100000000000000E-004                    1
   1.0206000000000001E-004                    1
   1.0318360000000001E-004                    1
   1.0437461600000001E-004                    1
   1.0563709296000000E-004                    1
   1.0697531853760000E-004                    1
   1.0839383764985599E-004                    1
   1.0989746790884735E-004                    1
   1.1149131598337820E-004                    1
   1.1318079494238089E-004                    1
   1.1497164263892375E-004                    1
   1.1686994119725918E-004                    1
   1.1888213766909473E-004                    1
   1.2101506592924041E-004                    1
   1.2327596988499483E-004                    1
   1.2567252807809453E-004                    1
   1.2821287976278020E-004                    1
   1.3090565254854703E-004                    1
   1.3375999170145986E-004                    1
   1.3678559120354746E-004                    1
   1.3999272667576031E-004                    1
   1.4339229027630592E-004                    1
   1.4699582769288428E-004                    1
   1.5081557735445735E-004                    1
   1.5486451199572479E-004                    1
   1.5915638271546826E-004                    1
   1.6370576567839636E-004                    1
   1.6852811161910015E-004                    1
   1.7363979831624615E-004                    1
   1.7905818621522093E-004                    1
   1.8480167738813420E-004                    1
   1.9088977803142224E-004                    1
   1.9734316471330758E-004                    1
   2.0418375459610604E-004                    1
   2.1143477987187241E-004                    1
   2.1912086666418476E-004                    1
   2.2726811866403585E-004                    1
   2.3590420578387800E-004                    1
   2.4505845813091069E-004                    1
   2.5476196561876534E-004                    1
   2.6504768355589128E-004                    1
   2.7595054456924475E-004                    1
   2.8750757724339945E-004                    1
   2.9975803187800345E-004                    1
   3.1274351379068365E-004                    1
   3.2650812461812467E-004                    1
   3.4109861209521215E-004                    1
   3.5656452882092490E-004                    1
   3.7295840055018043E-004                    1
   3.9033590458319124E-004                    1
   4.0875605885818273E-004                    1
   4.2828142238967372E-004                    1
   4.4897830773305415E-004                    1
   4.7091700619703741E-004                    1
   4.9417202656885971E-004                    1
   5.1882234816299133E-004                    1
   5.4495168905277080E-004                    1
   5.7264879039593711E-004                    1
   6.0200771781969333E-004                    1
   6.3312818088887490E-004                    1
   6.6611587174220739E-004                    1
   7.0108282404673981E-004                    1
   7.3814779348954423E-004                    1
   7.7743666109891688E-004                    1
   8.1908286076485192E-004                    1
   8.6322783241074303E-004                    1
   9.1002150235538766E-004                    1
   9.5962279249671098E-004                    1
   1.0122001600465136E-003                    1
   1.0679321696493045E-003                    1
   1.1270080998282629E-003                    1
   1.1896285858179587E-003                    1
   1.2560063009670363E-003                    1
   1.3263666790250584E-003                    1
   1.4009486797665620E-003                    1
   1.4800056005525558E-003                    1
   1.5638059365857091E-003                    1
   1.6526342927808517E-003                    1
   1.7467923503477029E-003                    1
   1.8465998913685651E-003                    1
   1.9523958848506791E-003                    1
   2.0645396379417201E-003                    1
   2.1834120162182234E-003                    1
   2.3094167371913170E-003                    1
   2.4429817414227963E-003                    1
   2.5845606459081643E-003                    1
   2.7346342846626542E-003                    1
   2.8937123417424136E-003                    1
   3.0623350822469586E-003                    1
   3.2410751871817761E-003                    1
   3.4305396984126830E-003                    1
   3.6313720803174440E-003                    1
   3.8442544051364908E-003                    1
   4.0699096694446803E-003                    1
   4.3091042496113613E-003                    1
   4.5626505045880429E-003                    1
   4.8314095348633256E-003                    1
   5.1162941069551257E-003                    1
   5.4182717533724336E-003                    1
   5.7383680585747802E-003                    1
   6.0776701420892677E-003                    1
   6.4373303506146239E-003                    1
   6.8185701716515015E-003                    1
   7.2226843819505919E-003                    1
   7.6510454448676275E-003                    1
   8.1051081715596864E-003                    1
   8.5864146618532672E-003                    1
   9.0965995415644638E-003                    1
   9.6373955140583323E-003                    1
   1.0000000000000000E-002                    1
   1.0384360755098168E-002                    1
   1.0791783155502227E-002                    1
   1.1223650899930528E-002                    1
   1.1681430709024528E-002                    1
   1.2166677306664167E-002                    1
   1.2681038700162186E-002                    1
   1.3226261777270085E-002                    1
   1.3804198239004459E-002                    1
   1.4416810888442894E-002                    1
   1.5066180296847635E-002                    1
   1.5754511869756661E-002                    1
   1.6484143337040229E-002                    1
   1.7257552692360810E-002                    1
   1.8077366609000629E-002                    1
   1.8946369360638836E-002                    1
   1.9867512277375335E-002                    1
   2.0843923769116025E-002                    1
   2.1878919950361155E-002                    1
   2.2976015902480992E-002                    1
   2.4138937611728018E-002                    1
   2.5371634623529867E-002                    1
   2.6678293456039830E-002                    1
   2.8063351818500389E-002                    1
   2.9531513682708583E-002                    1
   3.1087765258769266E-002                    1
   3.2737391929393594E-002                    1
   3.4485996200255380E-002                    1
   3.6339516727368869E-002                    1
   3.8304248486109173E-002                    1
   4.0386864150373895E-002                    1
   4.2594436754494501E-002                    1
   4.4934463714862337E-002                    1
   4.7414892292852243E-002                    1
   5.0044146585521546E-002                    1
   5.2831156135751005E-002                    1
   5.5785386258994235E-002                    1
   5.8916870189632056E-002                    1
   6.2236243156108151E-002                    1
   6.5754778500572805E-002                    1
   6.9484425965705338E-002                    1
   7.3437852278745830E-002                    1
   7.7628484170568751E-002                    1
   8.2070553975901045E-002                    1
   8.6779147969553286E-002                    1
   9.1770257602824659E-002                    1
   9.7060833814092307E-002                    1
  0.10266884459803602                         1
  0.10861333602901635                         1
  0.11491449694585551                         1
  0.12159372751770502                         1
  0.12867371192386548                         1
  0.13617849539439558                         1
  0.14413356587315748                         1
  0.15256594058064510                         1
  0.16150425777058197                         1
  0.17097887399191508                         1
  0.18102196718652816                         1
  0.19166764597281802                         1
  0.20295206548628528                         1
  0.21491355017056057                         1
  0.22741355017056059                         1
  0.23991355017056060                         1
  0.25241355017056061                         1
  0.26491355017056062                         1
  0.27741355017056063                         1
  0.28991355017056064                         1
  0.30241355017056065                         1
  0.31491355017056066                         1
  0.32741355017056067                         1
  0.33991355017056069                         1
  0.35241355017056070                         1
  0.36491355017056071                         1
  0.37741355017056072                         1
  0.38991355017056073                         1
  0.40241355017056074                         1
  0.41491355017056075                         1
  0.42741355017056076                         1
  0.43991355017056077                         1
  0.45241355017056079                         1
  0.46491355017056080                         1
  0.47741355017056081                         1
  0.48991355017056082                         1
  0.50241355017056077                         1
  0.51491355017056073                         1
  0.52741355017056069                         1
  0.53991355017056064                         1
  0.55241355017056060                         1
  0.56491355017056055                         1
  0.57741355017056051                         1
  0.58991355017056046                         1
  0.60241355017056042                         1
  0.61491355017056037                         1
  0.62741355017056033                         1
  0.63991355017056029                         1
  0.65241355017056024                         1
  0.66491355017056020                         1
  0.67741355017056015                         1
  0.68991355017056011                         1
  0.70241355017056006                         1
  0.71491355017056002                         1
  0.72741355017055997                         1
  0.73991355017055993                         1
  0.75241355017055989                         1
  0.76491355017055984                         1
  0.77741355017055980                         1
  0.78991355017055975                         1
  0.80241355017055971                         1
  0.81491355017055966                         1
  0.82741355017055962                         1
  0.83991355017055958                         1
  0.85241355017055953                         1
  0.86491355017055949                         1
  0.87741355017055944                         1
  0.88991355017055940                         1
  0.90241355017055935                         1
  0.91491355017055931                         1
  0.92741355017055926                         1
  0.93991355017055922                         1
  0.95241355017055918                         1
  0.96491355017055913                         1
  0.97741355017055909                         1
  0.98991355017055904                         1
   1.0024135501705591                         1
   1.0149135501705591                         1
   1.0274135501705590                         1
   1.0399135501705590                         1
   1.0524135501705589                         1
   1.0649135501705589                         1
   1.0774135501705588                         1
   1.0899135501705588                         1
   1.1024135501705588                         1
   1.1149135501705587                         1
   1.1274135501705587                         1
   1.1399135501705586                         1
   1.1524135501705586                         1
   1.1649135501705585                         1
   1.1774135501705585                         1
   1.1899135501705584                         1
   1.2024135501705584                         1
   1.2149135501705584                         1
   1.2274135501705583                         1
   1.2399135501705583                         1
   1.2524135501705582                         1
   1.2649135501705582                         1
   1.2774135501705581                         1
   1.2899135501705581                         1
   1.3024135501705580                         1
   1.3149135501705580                         1
   1.3274135501705580                         1
   1.3399135501705579                         1
   1.3524135501705579                         1
   1.3649135501705578                         1
   1.3774135501705578                         1
   1.3899135501705577                         1
   1.4024135501705577                         1
   1.4149135501705576                         1
   1.4274135501705576                         1
   1.4399135501705576                         1
   1.4524135501705575                         1
   1.4649135501705575                         1
   1.4774135501705574                         1
   1.4899135501705574                         1
   1.5024135501705573                         1
   1.5149135501705573                         1
   1.5274135501705572                         1
   1.5399135501705572                         1
   1.5524135501705572                         1
   1.5649135501705571                         1
   1.5774135501705571                         1
   1.5899135501705570                         1
   1.6024135501705570                         1
   1.6149135501705569                         1
   1.6274135501705569                         1
   1.6399135501705568                         1
   1.6524135501705568                         1
   1.6649135501705568                         1
   1.6774135501705567                         1
   1.6899135501705567                         1
   1.7024135501705566                         1
   1.7149135501705566                         1
   1.7274135501705565                         1
   1.7399135501705565                         1
   1.7524135501705564                         1
   1.7649135501705564                         1
   1.7774135501705564                         1
   1.7899135501705563                         1
   1.8024135501705563                         1
   1.8149135501705562                         1
   1.8274135501705562                         1
   1.8399135501705561                         1
   1.8524135501705561                         1
   1.8649135501705560                         1
   1.8774135501705560                         1
   1.8899135501705560                         1
   1.9024135501705559                         1
   1.9149135501705559                         1
   1.9274135501705558                         1
   1.9399135501705558                         1
   1.9524135501705557                         1
   1.9649135501705557                         1
   1.9774135501705556                         1
   1.9899135501705556                         1
   2.0024135501705556                         1
   2.0149135501705557                         1
   2.0274135501705559                         1
   2.0399135501705561                         1
   2.0524135501705563                         1
   2.0649135501705564                         1
   2.0774135501705566                         1
   2.0899135501705568                         1
   2.1024135501705570                         1
   2.1149135501705572                         1
   2.1274135501705573                         1
   2.1399135501705575                         1
   2.1524135501705577                         1
   2.1649135501705579                         1
   2.1774135501705580                         1
   2.1899135501705582                         1
   2.2024135501705584                         1
   2.2149135501705586                         1
   2.2274135501705588                         1
   2.2399135501705589                         1
   2.2524135501705591                         1
   2.2649135501705593                         1
   2.2774135501705595                         1
   2.2899135501705596                         1
   2.3024135501705598                         1
   2.3149135501705600                         1
   2.3274135501705602                         1
   2.3399135501705604                         1
   2.3524135501705605                         1
   2.3649135501705607                         1
